    1    1 1.007825e+00 
    1    2 2.014102e+00 
    1    3 3.016049e+00 
    1    4 4.027810e+00 
    1    5 5.035310e+00 
    1    6 6.044940e+00 
    1    7 7.052750e+00 
    2    3 3.016029e+00 
    2    4 4.002603e+00 
    2    5 5.012220e+00 
    2    6 6.018889e+00 
    2    7 7.028021e+00 
    2    8 8.033922e+00 
    2    9 9.043950e+00 
    2   10 1.005240e+01 
    3    3 3.030780e+00 
    3    4 4.027190e+00 
    3    5 5.012540e+00 
    3    6 6.015123e+00 
    3    7 7.016005e+00 
    3    8 8.022487e+00 
    3    9 9.026789e+00 
    3   10 1.003548e+01 
    3   11 1.104380e+01 
    3   12 1.205378e+01 
    4    5 5.040790e+00 
    4    6 6.019726e+00 
    4    7 7.016930e+00 
    4    8 8.005305e+00 
    4    9 9.012182e+00 
    4   10 1.001353e+01 
    4   11 1.102166e+01 
    4   12 1.202692e+01 
    4   13 1.303569e+01 
    4   14 1.404289e+01 
    4   15 1.505346e+01 
    4   16 1.606192e+01 
    5    6 6.046810e+00 
    5    7 7.029920e+00 
    5    8 8.024607e+00 
    5    9 9.013329e+00 
    5   10 1.001294e+01 
    5   11 1.100931e+01 
    5   12 1.201435e+01 
    5   13 1.301778e+01 
    5   14 1.402540e+01 
    5   15 1.503110e+01 
    5   16 1.603981e+01 
    5   17 1.704699e+01 
    5   18 1.805617e+01 
    5   19 1.906373e+01 
    6    8 8.037675e+00 
    6    9 9.031037e+00 
    6   10 1.001685e+01 
    6   11 1.101143e+01 
    6   12 1.200000e+01 
    6   13 1.300335e+01 
    6   14 1.400324e+01 
    6   15 1.501060e+01 
    6   16 1.601470e+01 
    6   17 1.702259e+01 
    6   18 1.802676e+01 
    6   19 1.903481e+01 
    6   20 2.004032e+01 
    6   21 2.104934e+01 
    6   22 2.205720e+01 
    7   10 1.004165e+01 
    7   11 1.102609e+01 
    7   12 1.201861e+01 
    7   13 1.300574e+01 
    7   14 1.400307e+01 
    7   15 1.500011e+01 
    7   16 1.600610e+01 
    7   17 1.700845e+01 
    7   18 1.801408e+01 
    7   19 1.901703e+01 
    7   20 2.002337e+01 
    7   21 2.102711e+01 
    7   22 2.203439e+01 
    7   23 2.304122e+01 
    7   24 2.405104e+01 
    7   25 2.506066e+01 
    8   12 1.203440e+01 
    8   13 1.302481e+01 
    8   14 1.400860e+01 
    8   15 1.500307e+01 
    8   16 1.599491e+01 
    8   17 1.699913e+01 
    8   18 1.799916e+01 
    8   19 1.900358e+01 
    8   20 2.000408e+01 
    8   21 2.100866e+01 
    8   22 2.200997e+01 
    8   23 2.301569e+01 
    8   24 2.402047e+01 
    8   25 2.502946e+01 
    8   26 2.603834e+01 
    8   27 2.704826e+01 
    8   28 2.805781e+01 
    9   14 1.403506e+01 
    9   15 1.501801e+01 
    9   16 1.601147e+01 
    9   17 1.700210e+01 
    9   18 1.800094e+01 
    9   19 1.899840e+01 
    9   20 1.999998e+01 
    9   21 2.099995e+01 
    9   22 2.200300e+01 
    9   23 2.300357e+01 
    9   24 2.400812e+01 
    9   25 2.501210e+01 
    9   26 2.601962e+01 
    9   27 2.702676e+01 
    9   28 2.803567e+01 
    9   29 2.904326e+01 
    9   30 3.005250e+01 
    9   31 3.106043e+01 
   10   16 1.602576e+01 
   10   17 1.701767e+01 
   10   18 1.800571e+01 
   10   19 1.900188e+01 
   10   20 1.999244e+01 
   10   21 2.099385e+01 
   10   22 2.199139e+01 
   10   23 2.299447e+01 
   10   24 2.399361e+01 
   10   25 2.499774e+01 
   10   26 2.600046e+01 
   10   27 2.700759e+01 
   10   28 2.801207e+01 
   10   29 2.901939e+01 
   10   30 3.002480e+01 
   10   31 3.103311e+01 
   10   32 3.204002e+01 
   10   33 3.304938e+01 
   10   34 3.405703e+01 
   11   18 1.802597e+01 
   11   19 1.901388e+01 
   11   20 2.000735e+01 
   11   21 2.099766e+01 
   11   22 2.199444e+01 
   11   23 2.298977e+01 
   11   24 2.399096e+01 
   11   25 2.498995e+01 
   11   26 2.599263e+01 
   11   27 2.699408e+01 
   11   28 2.799894e+01 
   11   29 2.900286e+01 
   11   30 3.000898e+01 
   11   31 3.101359e+01 
   11   32 3.202047e+01 
   11   33 3.302672e+01 
   11   34 3.403517e+01 
   11   35 3.504249e+01 
   11   36 3.605148e+01 
   11   37 3.705934e+01 
   12   19 1.903547e+01 
   12   20 2.001886e+01 
   12   21 2.101171e+01 
   12   22 2.199957e+01 
   12   23 2.299412e+01 
   12   24 2.398504e+01 
   12   25 2.498584e+01 
   12   26 2.598259e+01 
   12   27 2.698434e+01 
   12   28 2.798388e+01 
   12   29 2.898860e+01 
   12   30 2.999043e+01 
   12   31 3.099655e+01 
   12   32 3.199898e+01 
   12   33 3.300525e+01 
   12   34 3.400946e+01 
   12   35 3.501734e+01 
   12   36 3.602300e+01 
   12   37 3.703140e+01 
   12   38 3.803757e+01 
   12   39 3.904677e+01 
   12   40 4.005393e+01 
   13   21 2.102804e+01 
   13   22 2.201952e+01 
   13   23 2.300727e+01 
   13   24 2.399994e+01 
   13   25 2.499043e+01 
   13   26 2.598689e+01 
   13   27 2.698154e+01 
   13   28 2.798191e+01 
   13   29 2.898044e+01 
   13   30 2.998296e+01 
   13   31 3.098395e+01 
   13   32 3.198812e+01 
   13   33 3.299084e+01 
   13   34 3.399685e+01 
   13   35 3.499986e+01 
   13   36 3.600621e+01 
   13   37 3.701068e+01 
   13   38 3.801723e+01 
   13   39 3.902297e+01 
   13   40 4.003145e+01 
   13   41 4.103833e+01 
   13   42 4.204689e+01 
   14   22 2.203453e+01 
   14   23 2.302552e+01 
   14   24 2.401155e+01 
   14   25 2.500411e+01 
   14   26 2.599233e+01 
   14   27 2.698670e+01 
   14   28 2.797693e+01 
   14   29 2.897649e+01 
   14   30 2.997377e+01 
   14   31 3.097536e+01 
   14   32 3.197415e+01 
   14   33 3.297800e+01 
   14   34 3.397858e+01 
   14   35 3.498458e+01 
   14   36 3.598660e+01 
   14   37 3.699294e+01 
   14   38 3.799563e+01 
   14   39 3.900207e+01 
   14   40 4.000587e+01 
   14   41 4.101456e+01 
   14   42 4.201979e+01 
   14   43 4.302866e+01 
   14   44 4.403526e+01 
   15   24 2.403435e+01 
   15   25 2.502026e+01 
   15   26 2.601178e+01 
   15   27 2.699923e+01 
   15   28 2.799232e+01 
   15   29 2.898180e+01 
   15   30 2.997831e+01 
   15   31 3.097376e+01 
   15   32 3.197391e+01 
   15   33 3.297173e+01 
   15   34 3.397364e+01 
   15   35 3.497331e+01 
   15   36 3.597826e+01 
   15   37 3.697961e+01 
   15   38 3.798416e+01 
   15   39 3.898618e+01 
   15   40 3.999130e+01 
   15   41 4.099434e+01 
   15   42 4.200101e+01 
   15   43 4.300619e+01 
   15   44 4.401299e+01 
   15   45 4.501922e+01 
   15   46 4.602738e+01 
   16   26 2.602788e+01 
   16   27 2.701883e+01 
   16   28 2.800437e+01 
   16   29 2.899661e+01 
   16   30 2.998490e+01 
   16   31 3.097955e+01 
   16   32 3.197207e+01 
   16   33 3.297146e+01 
   16   34 3.396787e+01 
   16   35 3.496903e+01 
   16   36 3.596708e+01 
   16   37 3.697113e+01 
   16   38 3.797116e+01 
   16   39 3.897513e+01 
   16   40 3.997545e+01 
   16   41 4.097958e+01 
   16   42 4.198102e+01 
   16   43 4.298715e+01 
   16   44 4.399021e+01 
   16   45 4.499651e+01 
   16   46 4.600075e+01 
   16   47 4.700859e+01 
   16   48 4.801417e+01 
   16   49 4.902362e+01 
   17   28 2.802851e+01 
   17   29 2.901411e+01 
   17   30 3.000477e+01 
   17   31 3.099241e+01 
   17   32 3.198569e+01 
   17   33 3.297745e+01 
   17   34 3.397376e+01 
   17   35 3.496885e+01 
   17   36 3.596831e+01 
   17   37 3.696590e+01 
   17   38 3.796801e+01 
   17   39 3.896801e+01 
   17   40 3.997042e+01 
   17   41 4.097068e+01 
   17   42 4.197325e+01 
   17   43 4.297405e+01 
   17   44 4.397828e+01 
   17   45 4.498029e+01 
   17   46 4.598421e+01 
   17   47 4.698871e+01 
   17   48 4.799495e+01 
   17   49 4.900032e+01 
   17   50 5.000784e+01 
   17   51 5.101449e+01 
   18   30 3.002156e+01 
   18   31 3.101212e+01 
   18   32 3.199764e+01 
   18   33 3.298993e+01 
   18   34 3.398027e+01 
   18   35 3.497526e+01 
   18   36 3.596755e+01 
   18   37 3.696678e+01 
   18   38 3.796273e+01 
   18   39 3.896431e+01 
   18   40 3.996238e+01 
   18   41 4.096450e+01 
   18   42 4.196305e+01 
   18   43 4.296564e+01 
   18   44 4.396492e+01 
   18   45 4.496804e+01 
   18   46 4.596809e+01 
   18   47 4.697219e+01 
   18   48 4.797454e+01 
   18   49 4.898052e+01 
   18   50 4.998443e+01 
   18   51 5.099163e+01 
   18   52 5.199678e+01 
   18   53 5.300494e+01 
   19   32 3.202192e+01 
   19   33 3.300726e+01 
   19   34 3.399841e+01 
   19   35 3.498801e+01 
   19   36 3.598129e+01 
   19   37 3.697338e+01 
   19   38 3.796908e+01 
   19   39 3.896371e+01 
   19   40 3.996400e+01 
   19   41 4.096183e+01 
   19   42 4.196240e+01 
   19   43 4.296072e+01 
   19   44 4.396156e+01 
   19   45 4.496070e+01 
   19   46 4.596198e+01 
   19   47 4.696168e+01 
   19   48 4.796551e+01 
   19   49 4.896745e+01 
   19   50 4.997278e+01 
   19   51 5.097638e+01 
   19   52 5.198261e+01 
   19   53 5.298712e+01 
   19   54 5.399420e+01 
   19   55 5.499971e+01 
   20   34 3.401412e+01 
   20   35 3.500494e+01 
   20   36 3.599309e+01 
   20   37 3.698587e+01 
   20   38 3.797632e+01 
   20   39 3.897072e+01 
   20   40 3.996259e+01 
   20   41 4.096228e+01 
   20   42 4.195862e+01 
   20   43 4.295877e+01 
   20   44 4.395548e+01 
   20   45 4.495619e+01 
   20   46 4.595369e+01 
   20   47 4.695455e+01 
   20   48 4.795253e+01 
   20   49 4.895567e+01 
   20   50 4.995752e+01 
   20   51 5.096150e+01 
   20   52 5.196510e+01 
   20   53 5.297005e+01 
   20   54 5.397435e+01 
   20   55 5.498055e+01 
   20   56 5.598557e+01 
   20   57 5.699236e+01 
   21   36 3.601492e+01 
   21   37 3.700305e+01 
   21   38 3.799470e+01 
   21   39 3.898479e+01 
   21   40 3.997797e+01 
   21   41 4.096925e+01 
   21   42 4.196552e+01 
   21   43 4.296115e+01 
   21   44 4.395940e+01 
   21   45 4.495591e+01 
   21   46 4.595517e+01 
   21   47 4.695241e+01 
   21   48 4.795223e+01 
   21   49 4.895002e+01 
   21   50 4.995219e+01 
   21   51 5.095360e+01 
   21   52 5.195668e+01 
   21   53 5.295961e+01 
   21   54 5.396326e+01 
   21   55 5.496824e+01 
   21   56 5.597287e+01 
   21   57 5.697779e+01 
   21   58 5.798371e+01 
   21   59 5.898922e+01 
   21   60 5.999571e+01 
   22   38 3.800977e+01 
   22   39 3.900161e+01 
   22   40 3.999050e+01 
   22   41 4.098315e+01 
   22   42 4.197303e+01 
   22   43 4.296852e+01 
   22   44 4.395969e+01 
   22   45 4.495813e+01 
   22   46 4.595263e+01 
   22   47 4.695176e+01 
   22   48 4.794795e+01 
   22   49 4.894787e+01 
   22   50 4.994479e+01 
   22   51 5.094662e+01 
   22   52 5.194690e+01 
   22   53 5.294973e+01 
   22   54 5.395105e+01 
   22   55 5.495527e+01 
   22   56 5.595820e+01 
   22   57 5.696399e+01 
   22   58 5.796697e+01 
   22   59 5.897293e+01 
   22   60 5.997676e+01 
   22   61 6.098320e+01 
   22   62 6.198749e+01 
   22   63 6.299442e+01 
   23   40 4.001109e+01 
   23   41 4.099978e+01 
   23   42 4.199123e+01 
   23   43 4.298065e+01 
   23   44 4.397411e+01 
   23   45 4.496578e+01 
   23   46 4.596020e+01 
   23   47 4.695491e+01 
   23   48 4.795225e+01 
   23   49 4.894852e+01 
   23   50 4.994716e+01 
   23   51 5.094396e+01 
   23   52 5.194478e+01 
   23   53 5.294434e+01 
   23   54 5.394644e+01 
   23   55 5.494723e+01 
   23   56 5.595053e+01 
   23   57 5.695256e+01 
   23   58 5.795683e+01 
   23   59 5.896021e+01 
   23   60 5.996503e+01 
   23   61 6.096848e+01 
   23   62 6.197378e+01 
   23   63 6.297755e+01 
   23   64 6.398347e+01 
   23   65 6.498792e+01 
   24   42 4.200643e+01 
   24   43 4.299771e+01 
   24   44 4.398555e+01 
   24   45 4.497964e+01 
   24   46 4.596836e+01 
   24   47 4.696290e+01 
   24   48 4.795403e+01 
   24   49 4.895134e+01 
   24   50 4.994604e+01 
   24   51 5.094477e+01 
   24   52 5.194051e+01 
   24   53 5.294065e+01 
   24   54 5.393888e+01 
   24   55 5.494084e+01 
   24   56 5.594065e+01 
   24   57 5.694361e+01 
   24   58 5.794435e+01 
   24   59 5.894859e+01 
   24   60 5.995008e+01 
   24   61 6.095472e+01 
   24   62 6.195661e+01 
   24   63 6.296186e+01 
   24   64 6.396441e+01 
   24   65 6.497016e+01 
   24   66 6.597338e+01 
   24   67 6.697955e+01 
   25   44 4.400687e+01 
   25   45 4.499451e+01 
   25   46 4.598672e+01 
   25   47 4.697610e+01 
   25   48 4.796852e+01 
   25   49 4.895962e+01 
   25   50 4.995424e+01 
   25   51 5.094821e+01 
   25   52 5.194557e+01 
   25   53 5.294129e+01 
   25   54 5.394036e+01 
   25   55 5.493805e+01 
   25   56 5.593890e+01 
   25   57 5.693829e+01 
   25   58 5.793998e+01 
   25   59 5.894044e+01 
   25   60 5.994291e+01 
   25   61 6.094465e+01 
   25   62 6.194843e+01 
   25   63 6.295024e+01 
   25   64 6.395425e+01 
   25   65 6.495634e+01 
   25   66 6.596108e+01 
   25   67 6.696414e+01 
   25   68 6.796930e+01 
   25   69 6.897284e+01 
   26   45 4.501458e+01 
   26   46 4.600081e+01 
   26   47 4.699289e+01 
   26   48 4.798050e+01 
   26   49 4.897361e+01 
   26   50 4.996299e+01 
   26   51 5.095682e+01 
   26   52 5.194811e+01 
   26   53 5.294531e+01 
   26   54 5.393961e+01 
   26   55 5.493829e+01 
   26   56 5.593494e+01 
   26   57 5.693539e+01 
   26   58 5.793328e+01 
   26   59 5.893488e+01 
   26   60 5.993407e+01 
   26   61 6.093675e+01 
   26   62 6.193677e+01 
   26   63 6.294037e+01 
   26   64 6.394120e+01 
   26   65 6.494538e+01 
   26   66 6.594678e+01 
   26   67 6.695095e+01 
   26   68 6.795370e+01 
   26   69 6.895878e+01 
   26   70 6.996146e+01 
   26   71 7.096672e+01 
   26   72 7.196962e+01 
   27   47 4.701149e+01 
   27   48 4.800176e+01 
   27   49 4.898972e+01 
   27   50 4.998154e+01 
   27   51 5.097072e+01 
   27   52 5.196359e+01 
   27   53 5.295422e+01 
   27   54 5.394846e+01 
   27   55 5.494200e+01 
   27   56 5.593984e+01 
   27   57 5.693629e+01 
   27   58 5.793575e+01 
   27   59 5.893319e+01 
   27   60 5.993382e+01 
   27   61 6.093248e+01 
   27   62 6.193405e+01 
   27   63 6.293361e+01 
   27   64 6.393581e+01 
   27   65 6.493648e+01 
   27   66 6.593976e+01 
   27   67 6.694089e+01 
   27   68 6.794487e+01 
   27   69 6.894632e+01 
   27   70 6.995100e+01 
   27   71 7.095290e+01 
   27   72 7.195781e+01 
   27   73 7.296024e+01 
   27   74 7.396538e+01 
   27   75 7.496833e+01 
   28   48 4.801975e+01 
   28   49 4.900966e+01 
   28   50 4.999593e+01 
   28   51 5.098772e+01 
   28   52 5.197568e+01 
   28   53 5.296847e+01 
   28   54 5.395791e+01 
   28   55 5.495133e+01 
   28   56 5.594213e+01 
   28   57 5.693979e+01 
   28   58 5.793534e+01 
   28   59 5.893435e+01 
   28   60 5.993079e+01 
   28   61 6.093106e+01 
   28   62 6.192835e+01 
   28   63 6.292967e+01 
   28   64 6.392797e+01 
   28   65 6.493008e+01 
   28   66 6.592914e+01 
   28   67 6.693157e+01 
   28   68 6.793187e+01 
   28   69 6.893561e+01 
   28   70 6.993650e+01 
   28   71 7.094074e+01 
   28   72 7.194209e+01 
   28   73 7.294647e+01 
   28   74 7.394807e+01 
   28   75 7.495287e+01 
   28   76 7.595533e+01 
   28   77 7.696055e+01 
   28   78 7.796318e+01 
   29   52 5.199718e+01 
   29   53 5.298555e+01 
   29   54 5.397671e+01 
   29   55 5.496605e+01 
   29   56 5.595856e+01 
   29   57 5.694921e+01 
   29   58 5.794454e+01 
   29   59 5.893950e+01 
   29   60 5.993736e+01 
   29   61 6.093346e+01 
   29   62 6.193258e+01 
   29   63 6.292960e+01 
   29   64 6.392976e+01 
   29   65 6.492779e+01 
   29   66 6.592887e+01 
   29   67 6.692773e+01 
   29   68 6.792961e+01 
   29   69 6.892943e+01 
   29   70 6.993239e+01 
   29   71 7.093268e+01 
   29   72 7.193582e+01 
   29   73 7.293667e+01 
   29   74 7.393988e+01 
   29   75 7.494190e+01 
   29   76 7.594527e+01 
   29   77 7.694785e+01 
   29   78 7.795196e+01 
   29   79 7.895456e+01 
   29   80 7.996087e+01 
   30   54 5.399295e+01 
   30   55 5.498398e+01 
   30   56 5.597238e+01 
   30   57 5.696479e+01 
   30   58 5.795459e+01 
   30   59 5.894926e+01 
   30   60 5.994183e+01 
   30   61 6.093951e+01 
   30   62 6.193433e+01 
   30   63 6.293321e+01 
   30   64 6.392914e+01 
   30   65 6.492924e+01 
   30   66 6.592603e+01 
   30   67 6.692713e+01 
   30   68 6.792484e+01 
   30   69 6.892655e+01 
   30   70 6.992532e+01 
   30   71 7.092772e+01 
   30   72 7.192686e+01 
   30   73 7.292978e+01 
   30   74 7.392946e+01 
   30   75 7.493294e+01 
   30   76 7.593329e+01 
   30   77 7.693696e+01 
   30   78 7.793844e+01 
   30   79 7.894265e+01 
   30   80 7.994434e+01 
   30   81 8.095048e+01 
   30   82 8.195442e+01 
   30   83 8.296103e+01 
   31   56 5.599491e+01 
   31   57 5.698293e+01 
   31   58 5.797425e+01 
   31   59 5.896337e+01 
   31   60 5.995706e+01 
   31   61 6.094945e+01 
   31   62 6.194418e+01 
   31   63 6.293929e+01 
   31   64 6.393684e+01 
   31   65 6.493273e+01 
   31   66 6.593159e+01 
   31   67 6.692820e+01 
   31   68 6.792798e+01 
   31   69 6.892557e+01 
   31   70 6.992602e+01 
   31   71 7.092470e+01 
   31   72 7.192637e+01 
   31   73 7.292517e+01 
   31   74 7.392695e+01 
   31   75 7.492650e+01 
   31   76 7.592883e+01 
   31   77 7.692915e+01 
   31   78 7.793161e+01 
   31   79 7.893289e+01 
   31   80 7.993652e+01 
   31   81 8.093775e+01 
   31   82 8.194299e+01 
   31   83 8.294698e+01 
   31   84 8.395265e+01 
   31   85 8.495700e+01 
   31   86 8.596312e+01 
   32   58 5.799101e+01 
   32   59 5.898175e+01 
   32   60 5.997019e+01 
   32   61 6.096379e+01 
   32   62 6.195465e+01 
   32   63 6.294964e+01 
   32   64 6.394165e+01 
   32   65 6.493944e+01 
   32   66 6.593384e+01 
   32   67 6.693273e+01 
   32   68 6.792809e+01 
   32   69 6.892796e+01 
   32   70 6.992425e+01 
   32   71 7.092495e+01 
   32   72 7.192208e+01 
   32   73 7.292346e+01 
   32   74 7.392118e+01 
   32   75 7.492286e+01 
   32   76 7.592140e+01 
   32   77 7.692355e+01 
   32   78 7.792285e+01 
   32   79 7.892540e+01 
   32   80 7.992537e+01 
   32   81 8.092882e+01 
   32   82 8.192955e+01 
   32   83 8.293462e+01 
   32   84 8.393747e+01 
   32   85 8.494303e+01 
   32   86 8.594649e+01 
   32   87 8.695251e+01 
   32   88 8.795691e+01 
   32   89 8.896383e+01 
   33   60 5.999313e+01 
   33   61 6.098062e+01 
   33   62 6.197320e+01 
   33   63 6.296369e+01 
   33   64 6.395757e+01 
   33   65 6.494956e+01 
   33   66 6.594471e+01 
   33   67 6.693919e+01 
   33   68 6.793677e+01 
   33   69 6.893227e+01 
   33   70 6.993092e+01 
   33   71 7.092711e+01 
   33   72 7.192675e+01 
   33   73 7.292382e+01 
   33   74 7.392393e+01 
   33   75 7.492160e+01 
   33   76 7.592239e+01 
   33   77 7.692065e+01 
   33   78 7.792183e+01 
   33   79 7.892095e+01 
   33   80 7.992253e+01 
   33   81 8.092213e+01 
   33   82 8.192450e+01 
   33   83 8.292498e+01 
   33   84 8.392906e+01 
   33   85 8.493202e+01 
   33   86 8.593650e+01 
   33   87 8.693990e+01 
   33   88 8.794494e+01 
   33   89 8.894939e+01 
   33   90 8.995550e+01 
   33   91 9.096043e+01 
   33   92 9.196680e+01 
   34   65 6.496466e+01 
   34   66 6.595521e+01 
   34   67 6.695009e+01 
   34   68 6.794180e+01 
   34   69 6.893956e+01 
   34   70 6.993339e+01 
   34   71 7.093224e+01 
   34   72 7.192711e+01 
   34   73 7.292677e+01 
   34   74 7.392248e+01 
   34   75 7.492252e+01 
   34   76 7.591921e+01 
   34   77 7.691991e+01 
   34   78 7.791731e+01 
   34   79 7.891850e+01 
   34   80 7.991652e+01 
   34   81 8.091799e+01 
   34   82 8.191670e+01 
   34   83 8.291912e+01 
   34   84 8.391846e+01 
   34   85 8.492225e+01 
   34   86 8.592427e+01 
   34   87 8.692852e+01 
   34   88 8.793142e+01 
   34   89 8.893645e+01 
   34   90 8.993996e+01 
   34   91 9.094596e+01 
   34   92 9.194992e+01 
   34   93 9.295629e+01 
   34   94 9.396049e+01 
   35   67 6.696479e+01 
   35   68 6.795852e+01 
   35   69 6.895011e+01 
   35   70 6.994479e+01 
   35   71 7.093874e+01 
   35   72 7.193664e+01 
   35   73 7.293169e+01 
   35   74 7.392989e+01 
   35   75 7.492578e+01 
   35   76 7.592454e+01 
   35   77 7.692138e+01 
   35   78 7.792115e+01 
   35   79 7.891834e+01 
   35   80 7.991853e+01 
   35   81 8.091629e+01 
   35   82 8.191680e+01 
   35   83 8.291518e+01 
   35   84 8.391648e+01 
   35   85 8.491561e+01 
   35   86 8.591880e+01 
   35   87 8.692071e+01 
   35   88 8.792407e+01 
   35   89 8.892639e+01 
   35   90 8.993063e+01 
   35   91 9.093397e+01 
   35   92 9.193926e+01 
   35   93 9.294305e+01 
   35   94 9.394868e+01 
   35   95 9.495287e+01 
   35   96 9.595853e+01 
   35   97 9.696280e+01 
   36   69 6.896518e+01 
   36   70 6.995526e+01 
   36   71 7.094963e+01 
   36   72 7.194209e+01 
   36   73 7.293929e+01 
   36   74 7.393308e+01 
   36   75 7.493095e+01 
   36   76 7.592591e+01 
   36   77 7.692467e+01 
   36   78 7.792036e+01 
   36   79 7.892008e+01 
   36   80 7.991638e+01 
   36   81 8.091659e+01 
   36   82 8.191348e+01 
   36   83 8.291414e+01 
   36   84 8.391151e+01 
   36   85 8.491253e+01 
   36   86 8.591061e+01 
   36   87 8.691335e+01 
   36   88 8.791445e+01 
   36   89 8.891763e+01 
   36   90 8.991952e+01 
   36   91 9.092345e+01 
   36   92 9.192616e+01 
   36   93 9.293127e+01 
   36   94 9.393436e+01 
   36   95 9.493984e+01 
   36   96 9.594307e+01 
   36   97 9.694856e+01 
   36   98 9.795191e+01 
   36   99 9.895760e+01 
   36  100 9.996114e+01 
   37   71 7.096532e+01 
   37   72 7.195908e+01 
   37   73 7.295056e+01 
   37   74 7.394427e+01 
   37   75 7.493857e+01 
   37   76 7.593507e+01 
   37   77 7.693041e+01 
   37   78 7.792814e+01 
   37   79 7.892399e+01 
   37   80 7.992252e+01 
   37   81 8.091900e+01 
   37   82 8.191821e+01 
   37   83 8.291511e+01 
   37   84 8.391438e+01 
   37   85 8.491179e+01 
   37   86 8.591117e+01 
   37   87 8.690918e+01 
   37   88 8.791132e+01 
   37   89 8.891228e+01 
   37   90 8.991480e+01 
   37   91 9.091654e+01 
   37   92 9.191973e+01 
   37   93 9.292204e+01 
   37   94 9.392641e+01 
   37   95 9.492930e+01 
   37   96 9.593427e+01 
   37   97 9.693735e+01 
   37   98 9.794179e+01 
   37   99 9.894538e+01 
   37  100 9.994987e+01 
   37  101 1.009532e+02 
   37  102 1.019589e+02 
   38   73 7.296597e+01 
   38   74 7.395631e+01 
   38   75 7.494995e+01 
   38   76 7.594177e+01 
   38   77 7.693794e+01 
   38   78 7.793218e+01 
   38   79 7.892971e+01 
   38   80 7.992452e+01 
   38   81 8.092321e+01 
   38   82 8.191840e+01 
   38   83 8.291756e+01 
   38   84 8.391343e+01 
   38   85 8.491293e+01 
   38   86 8.590926e+01 
   38   87 8.690888e+01 
   38   88 8.790561e+01 
   38   89 8.890745e+01 
   38   90 8.990774e+01 
   38   91 9.091020e+01 
   38   92 9.191104e+01 
   38   93 9.291403e+01 
   38   94 9.391536e+01 
   38   95 9.491936e+01 
   38   96 9.592170e+01 
   38   97 9.692615e+01 
   38   98 9.792845e+01 
   38   99 9.893324e+01 
   38  100 9.993535e+01 
   38  101 1.009405e+02 
   38  102 1.019430e+02 
   38  103 1.029489e+02 
   38  104 1.039523e+02 
   38  105 1.049586e+02 
   39   76 7.595845e+01 
   39   77 7.694965e+01 
   39   78 7.794361e+01 
   39   79 7.893735e+01 
   39   80 7.993428e+01 
   39   81 8.092913e+01 
   39   82 8.192679e+01 
   39   83 8.292235e+01 
   39   84 8.392039e+01 
   39   85 8.491643e+01 
   39   86 8.591489e+01 
   39   87 8.691088e+01 
   39   88 8.790950e+01 
   39   89 8.890585e+01 
   39   90 8.990715e+01 
   39   91 9.090730e+01 
   39   92 9.190895e+01 
   39   93 9.290958e+01 
   39   94 9.391160e+01 
   39   95 9.491282e+01 
   39   96 9.591589e+01 
   39   97 9.691813e+01 
   39   98 9.792220e+01 
   39   99 9.892464e+01 
   39  100 9.992776e+01 
   39  101 1.009303e+02 
   39  102 1.019336e+02 
   39  103 1.029367e+02 
   39  104 1.039411e+02 
   39  105 1.049449e+02 
   39  106 1.059498e+02 
   39  107 1.069541e+02 
   39  108 1.079595e+02 
   40   78 7.795523e+01 
   40   79 7.894916e+01 
   40   80 7.994040e+01 
   40   81 8.093721e+01 
   40   82 8.193109e+01 
   40   83 8.292865e+01 
   40   84 8.392325e+01 
   40   85 8.492147e+01 
   40   86 8.591647e+01 
   40   87 8.691482e+01 
   40   88 8.791023e+01 
   40   89 8.890889e+01 
   40   90 8.990470e+01 
   40   91 9.090565e+01 
   40   92 9.190504e+01 
   40   93 9.290648e+01 
   40   94 9.390632e+01 
   40   95 9.490804e+01 
   40   96 9.590827e+01 
   40   97 9.691095e+01 
   40   98 9.791273e+01 
   40   99 9.891651e+01 
   40  100 9.991776e+01 
   40  101 1.009211e+02 
   40  102 1.019230e+02 
   40  103 1.029266e+02 
   40  104 1.039288e+02 
   40  105 1.049330e+02 
   40  106 1.059359e+02 
   40  107 1.069407e+02 
   40  108 1.079440e+02 
   40  109 1.089492e+02 
   40  110 1.099529e+02 
   41   81 8.094903e+01 
   41   82 8.194313e+01 
   41   83 8.293671e+01 
   41   84 8.393357e+01 
   41   85 8.492791e+01 
   41   86 8.592504e+01 
   41   87 8.692036e+01 
   41   88 8.791833e+01 
   41   89 8.891342e+01 
   41   90 8.991127e+01 
   41   91 9.090700e+01 
   41   92 9.190719e+01 
   41   93 9.290638e+01 
   41   94 9.390728e+01 
   41   95 9.490684e+01 
   41   96 9.590810e+01 
   41   97 9.690810e+01 
   41   98 9.791033e+01 
   41   99 9.891162e+01 
   41  100 9.991418e+01 
   41  101 1.009153e+02 
   41  102 1.019180e+02 
   41  103 1.029191e+02 
   41  104 1.039225e+02 
   41  105 1.049239e+02 
   41  106 1.059280e+02 
   41  107 1.069303e+02 
   41  108 1.079348e+02 
   41  109 1.089376e+02 
   41  110 1.099424e+02 
   41  111 1.109457e+02 
   41  112 1.119508e+02 
   41  113 1.129547e+02 
   42   83 8.294874e+01 
   42   84 8.394009e+01 
   42   85 8.493655e+01 
   42   86 8.593070e+01 
   42   87 8.692733e+01 
   42   88 8.792195e+01 
   42   89 8.891948e+01 
   42   90 8.991394e+01 
   42   91 9.091175e+01 
   42   92 9.190681e+01 
   42   93 9.290681e+01 
   42   94 9.390509e+01 
   42   95 9.490584e+01 
   42   96 9.590468e+01 
   42   97 9.690602e+01 
   42   98 9.790541e+01 
   42   99 9.890771e+01 
   42  100 9.990748e+01 
   42  101 1.009103e+02 
   42  102 1.019103e+02 
   42  103 1.029132e+02 
   42  104 1.039138e+02 
   42  105 1.049170e+02 
   42  106 1.059181e+02 
   42  107 1.069217e+02 
   42  108 1.079235e+02 
   42  109 1.089278e+02 
   42  110 1.099297e+02 
   42  111 1.109344e+02 
   42  112 1.119368e+02 
   42  113 1.129419e+02 
   42  114 1.139449e+02 
   42  115 1.149503e+02 
   43   85 8.494883e+01 
   43   86 8.594288e+01 
   43   87 8.693653e+01 
   43   88 8.793268e+01 
   43   89 8.892717e+01 
   43   90 8.992356e+01 
   43   91 9.091843e+01 
   43   92 9.191526e+01 
   43   93 9.291025e+01 
   43   94 9.390966e+01 
   43   95 9.490766e+01 
   43   96 9.590787e+01 
   43   97 9.690636e+01 
   43   98 9.790722e+01 
   43   99 9.890625e+01 
   43  100 9.990766e+01 
   43  101 1.009073e+02 
   43  102 1.019092e+02 
   43  103 1.029092e+02 
   43  104 1.039115e+02 
   43  105 1.049117e+02 
   43  106 1.059144e+02 
   43  107 1.069151e+02 
   43  108 1.079185e+02 
   43  109 1.089200e+02 
   43  110 1.099238e+02 
   43  111 1.109257e+02 
   43  112 1.119292e+02 
   43  113 1.129316e+02 
   43  114 1.139359e+02 
   43  115 1.149387e+02 
   43  116 1.159434e+02 
   43  117 1.169465e+02 
   43  118 1.179515e+02 
   44   87 8.694918e+01 
   44   88 8.794026e+01 
   44   89 8.893611e+01 
   44   90 8.992989e+01 
   44   91 9.092629e+01 
   44   92 9.192012e+01 
   44   93 9.291705e+01 
   44   94 9.391136e+01 
   44   95 9.491041e+01 
   44   96 9.590760e+01 
   44   97 9.690756e+01 
   44   98 9.790529e+01 
   44   99 9.890594e+01 
   44  100 9.990422e+01 
   44  101 1.009056e+02 
   44  102 1.019043e+02 
   44  103 1.029063e+02 
   44  104 1.039054e+02 
   44  105 1.049078e+02 
   44  106 1.059073e+02 
   44  107 1.069099e+02 
   44  108 1.079102e+02 
   44  109 1.089132e+02 
   44  110 1.099141e+02 
   44  111 1.109177e+02 
   44  112 1.119190e+02 
   44  113 1.129225e+02 
   44  114 1.139243e+02 
   44  115 1.149287e+02 
   44  116 1.159308e+02 
   44  117 1.169356e+02 
   44  118 1.179378e+02 
   44  119 1.189428e+02 
   44  120 1.199453e+02 
   45   89 8.894884e+01 
   45   90 8.994287e+01 
   45   91 9.093655e+01 
   45   92 9.193198e+01 
   45   93 9.292574e+01 
   45   94 9.392170e+01 
   45   95 9.491590e+01 
   45   96 9.591446e+01 
   45   97 9.691134e+01 
   45   98 9.791071e+01 
   45   99 9.890813e+01 
   45  100 9.990812e+01 
   45  101 1.009062e+02 
   45  102 1.019068e+02 
   45  103 1.029055e+02 
   45  104 1.039067e+02 
   45  105 1.049057e+02 
   45  106 1.059073e+02 
   45  107 1.069067e+02 
   45  108 1.079087e+02 
   45  109 1.089087e+02 
   45  110 1.099111e+02 
   45  111 1.109116e+02 
   45  112 1.119144e+02 
   45  113 1.129155e+02 
   45  114 1.139188e+02 
   45  115 1.149203e+02 
   45  116 1.159241e+02 
   45  117 1.169260e+02 
   45  118 1.179301e+02 
   45  119 1.189321e+02 
   45  120 1.199364e+02 
   45  121 1.209387e+02 
   45  122 1.219432e+02 
   46   91 9.094911e+01 
   46   92 9.194042e+01 
   46   93 9.293591e+01 
   46   94 9.392877e+01 
   46   95 9.492469e+01 
   46   96 9.591816e+01 
   46   97 9.691648e+01 
   46   98 9.791272e+01 
   46   99 9.891177e+01 
   46  100 9.990851e+01 
   46  101 1.009083e+02 
   46  102 1.019056e+02 
   46  103 1.029061e+02 
   46  104 1.039040e+02 
   46  105 1.049051e+02 
   46  106 1.059035e+02 
   46  107 1.069051e+02 
   46  108 1.079039e+02 
   46  109 1.089060e+02 
   46  110 1.099052e+02 
   46  111 1.109077e+02 
   46  112 1.119073e+02 
   46  113 1.129102e+02 
   46  114 1.139104e+02 
   46  115 1.149137e+02 
   46  116 1.159142e+02 
   46  117 1.169178e+02 
   46  118 1.179190e+02 
   46  119 1.189231e+02 
   46  120 1.199247e+02 
   46  121 1.209289e+02 
   46  122 1.219305e+02 
   46  123 1.229349e+02 
   46  124 1.239369e+02 
   47   93 9.294978e+01 
   47   94 9.394278e+01 
   47   95 9.493548e+01 
   47   96 9.593068e+01 
   47   97 9.692397e+01 
   47   98 9.792157e+01 
   47   99 9.891760e+01 
   47  100 9.991610e+01 
   47  101 1.009128e+02 
   47  102 1.019117e+02 
   47  103 1.029090e+02 
   47  104 1.039086e+02 
   47  105 1.049065e+02 
   47  106 1.059067e+02 
   47  107 1.069051e+02 
   47  108 1.079060e+02 
   47  109 1.089048e+02 
   47  110 1.099061e+02 
   47  111 1.109053e+02 
   47  112 1.119070e+02 
   47  113 1.129066e+02 
   47  114 1.139088e+02 
   47  115 1.149088e+02 
   47  116 1.159114e+02 
   47  117 1.169117e+02 
   47  118 1.179146e+02 
   47  119 1.189157e+02 
   47  120 1.199188e+02 
   47  121 1.209198e+02 
   47  122 1.219235e+02 
   47  123 1.229249e+02 
   47  124 1.239286e+02 
   47  125 1.249304e+02 
   47  126 1.259345e+02 
   47  127 1.269368e+02 
   47  128 1.279412e+02 
   47  129 1.289437e+02 
   47  130 1.299504e+02 
   48   95 9.494987e+01 
   48   96 9.593977e+01 
   48   97 9.693494e+01 
   48   98 9.792740e+01 
   48   99 9.892501e+01 
   48  100 9.992029e+01 
   48  101 1.009187e+02 
   48  102 1.019145e+02 
   48  103 1.029134e+02 
   48  104 1.039098e+02 
   48  105 1.049095e+02 
   48  106 1.059065e+02 
   48  107 1.069066e+02 
   48  108 1.079042e+02 
   48  109 1.089050e+02 
   48  110 1.099030e+02 
   48  111 1.109042e+02 
   48  112 1.119028e+02 
   48  113 1.129044e+02 
   48  114 1.139034e+02 
   48  115 1.149054e+02 
   48  116 1.159048e+02 
   48  117 1.169072e+02 
   48  118 1.179069e+02 
   48  119 1.189099e+02 
   48  120 1.199099e+02 
   48  121 1.209130e+02 
   48  122 1.219133e+02 
   48  123 1.229170e+02 
   48  124 1.239176e+02 
   48  125 1.249213e+02 
   48  126 1.259223e+02 
   48  127 1.269264e+02 
   48  128 1.279278e+02 
   48  129 1.289322e+02 
   48  130 1.299339e+02 
   48  131 1.309407e+02 
   48  132 1.319455e+02 
   49   97 9.694954e+01 
   49   98 9.794214e+01 
   49   99 9.893422e+01 
   49  100 9.993111e+01 
   49  101 1.009263e+02 
   49  102 1.019241e+02 
   49  103 1.029199e+02 
   49  104 1.039183e+02 
   49  105 1.049147e+02 
   49  106 1.059135e+02 
   49  107 1.069103e+02 
   49  108 1.079097e+02 
   49  109 1.089072e+02 
   49  110 1.099072e+02 
   49  111 1.109051e+02 
   49  112 1.119055e+02 
   49  113 1.129041e+02 
   49  114 1.139049e+02 
   49  115 1.149039e+02 
   49  116 1.159053e+02 
   49  117 1.169045e+02 
   49  118 1.179064e+02 
   49  119 1.189058e+02 
   49  120 1.199080e+02 
   49  121 1.209078e+02 
   49  122 1.219103e+02 
   49  123 1.229104e+02 
   49  124 1.239132e+02 
   49  125 1.249136e+02 
   49  126 1.259165e+02 
   49  127 1.269173e+02 
   49  128 1.279202e+02 
   49  129 1.289217e+02 
   49  130 1.299250e+02 
   49  131 1.309269e+02 
   49  132 1.319330e+02 
   49  133 1.329378e+02 
   49  134 1.339442e+02 
   49  135 1.349493e+02 
   50   99 9.894933e+01 
   50  100 9.993904e+01 
   50  101 1.009361e+02 
   50  102 1.019303e+02 
   50  103 1.029281e+02 
   50  104 1.039231e+02 
   50  105 1.049214e+02 
   50  106 1.059169e+02 
   50  107 1.069156e+02 
   50  108 1.079119e+02 
   50  109 1.089113e+02 
   50  110 1.099078e+02 
   50  111 1.109077e+02 
   50  112 1.119048e+02 
   50  113 1.129052e+02 
   50  114 1.139028e+02 
   50  115 1.149033e+02 
   50  116 1.159017e+02 
   50  117 1.169030e+02 
   50  118 1.179016e+02 
   50  119 1.189033e+02 
   50  120 1.199022e+02 
   50  121 1.209042e+02 
   50  122 1.219034e+02 
   50  123 1.229057e+02 
   50  124 1.239053e+02 
   50  125 1.249078e+02 
   50  126 1.259077e+02 
   50  127 1.269104e+02 
   50  128 1.279105e+02 
   50  129 1.289135e+02 
   50  130 1.299140e+02 
   50  131 1.309170e+02 
   50  132 1.319178e+02 
   50  133 1.329238e+02 
   50  134 1.339283e+02 
   50  135 1.349347e+02 
   50  136 1.359393e+02 
   50  137 1.369460e+02 
   51  103 1.029397e+02 
   51  104 1.039365e+02 
   51  105 1.049315e+02 
   51  106 1.059288e+02 
   51  107 1.069241e+02 
   51  108 1.079222e+02 
   51  109 1.089181e+02 
   51  110 1.099167e+02 
   51  111 1.109132e+02 
   51  112 1.119124e+02 
   51  113 1.129094e+02 
   51  114 1.139093e+02 
   51  115 1.149066e+02 
   51  116 1.159068e+02 
   51  117 1.169048e+02 
   51  118 1.179055e+02 
   51  119 1.189039e+02 
   51  120 1.199051e+02 
   51  121 1.209038e+02 
   51  122 1.219052e+02 
   51  123 1.229042e+02 
   51  124 1.239059e+02 
   51  125 1.249053e+02 
   51  126 1.259073e+02 
   51  127 1.269069e+02 
   51  128 1.279092e+02 
   51  129 1.289091e+02 
   51  130 1.299117e+02 
   51  131 1.309120e+02 
   51  132 1.319145e+02 
   51  133 1.329153e+02 
   51  134 1.339204e+02 
   51  135 1.349252e+02 
   51  136 1.359304e+02 
   51  137 1.369353e+02 
   51  138 1.379408e+02 
   51  139 1.389460e+02 
   52  105 1.049436e+02 
   52  106 1.059375e+02 
   52  107 1.069350e+02 
   52  108 1.079294e+02 
   52  109 1.089274e+02 
   52  110 1.099224e+02 
   52  111 1.109211e+02 
   52  112 1.119170e+02 
   52  113 1.129159e+02 
   52  114 1.139121e+02 
   52  115 1.149119e+02 
   52  116 1.159085e+02 
   52  117 1.169086e+02 
   52  118 1.179058e+02 
   52  119 1.189064e+02 
   52  120 1.199040e+02 
   52  121 1.209049e+02 
   52  122 1.219030e+02 
   52  123 1.229043e+02 
   52  124 1.239028e+02 
   52  125 1.249044e+02 
   52  126 1.259033e+02 
   52  127 1.269052e+02 
   52  128 1.279045e+02 
   52  129 1.289066e+02 
   52  130 1.299062e+02 
   52  131 1.309085e+02 
   52  132 1.319086e+02 
   52  133 1.329110e+02 
   52  134 1.339114e+02 
   52  135 1.349164e+02 
   52  136 1.359201e+02 
   52  137 1.369253e+02 
   52  138 1.379292e+02 
   52  139 1.389347e+02 
   52  140 1.399389e+02 
   52  141 1.409446e+02 
   52  142 1.419491e+02 
   53  108 1.079435e+02 
   53  109 1.089381e+02 
   53  110 1.099352e+02 
   53  111 1.109303e+02 
   53  112 1.119280e+02 
   53  113 1.129236e+02 
   53  114 1.139219e+02 
   53  115 1.149180e+02 
   53  116 1.159168e+02 
   53  117 1.169137e+02 
   53  118 1.179131e+02 
   53  119 1.189101e+02 
   53  120 1.199100e+02 
   53  121 1.209074e+02 
   53  122 1.219076e+02 
   53  123 1.229056e+02 
   53  124 1.239062e+02 
   53  125 1.249046e+02 
   53  126 1.259056e+02 
   53  127 1.269045e+02 
   53  128 1.279058e+02 
   53  129 1.289050e+02 
   53  130 1.299067e+02 
   53  131 1.309061e+02 
   53  132 1.319080e+02 
   53  133 1.329078e+02 
   53  134 1.339097e+02 
   53  135 1.349100e+02 
   53  136 1.359146e+02 
   53  137 1.369179e+02 
   53  138 1.379223e+02 
   53  139 1.389261e+02 
   53  140 1.399310e+02 
   53  141 1.409350e+02 
   53  142 1.419402e+02 
   53  143 1.429446e+02 
   53  144 1.439500e+02 
   54  110 1.099443e+02 
   54  111 1.109416e+02 
   54  112 1.119356e+02 
   54  113 1.129333e+02 
   54  114 1.139280e+02 
   54  115 1.149263e+02 
   54  116 1.159216e+02 
   54  117 1.169204e+02 
   54  118 1.179162e+02 
   54  119 1.189154e+02 
   54  120 1.199118e+02 
   54  121 1.209115e+02 
   54  122 1.219084e+02 
   54  123 1.229085e+02 
   54  124 1.239059e+02 
   54  125 1.249064e+02 
   54  126 1.259043e+02 
   54  127 1.269052e+02 
   54  128 1.279035e+02 
   54  129 1.289048e+02 
   54  130 1.299035e+02 
   54  131 1.309051e+02 
   54  132 1.319042e+02 
   54  133 1.329059e+02 
   54  134 1.339054e+02 
   54  135 1.349072e+02 
   54  136 1.359072e+02 
   54  137 1.369116e+02 
   54  138 1.379139e+02 
   54  139 1.389188e+02 
   54  140 1.399216e+02 
   54  141 1.409266e+02 
   54  142 1.419297e+02 
   54  143 1.429351e+02 
   54  144 1.439385e+02 
   54  145 1.449441e+02 
   54  146 1.459478e+02 
   54  147 1.469536e+02 
   55  112 1.119503e+02 
   55  113 1.129445e+02 
   55  114 1.139415e+02 
   55  115 1.149359e+02 
   55  116 1.159334e+02 
   55  117 1.169287e+02 
   55  118 1.179266e+02 
   55  119 1.189224e+02 
   55  120 1.199207e+02 
   55  121 1.209172e+02 
   55  122 1.219161e+02 
   55  123 1.229130e+02 
   55  124 1.239123e+02 
   55  125 1.249097e+02 
   55  126 1.259095e+02 
   55  127 1.269074e+02 
   55  128 1.279077e+02 
   55  129 1.289061e+02 
   55  130 1.299067e+02 
   55  131 1.309055e+02 
   55  132 1.319064e+02 
   55  133 1.329055e+02 
   55  134 1.339067e+02 
   55  135 1.349060e+02 
   55  136 1.359073e+02 
   55  137 1.369071e+02 
   55  138 1.379110e+02 
   55  139 1.389134e+02 
   55  140 1.399173e+02 
   55  141 1.409200e+02 
   55  142 1.419243e+02 
   55  143 1.429274e+02 
   55  144 1.439321e+02 
   55  145 1.449355e+02 
   55  146 1.459403e+02 
   55  147 1.469442e+02 
   55  148 1.479492e+02 
   55  149 1.489529e+02 
   55  150 1.499582e+02 
   55  151 1.509622e+02 
   56  114 1.139507e+02 
   56  115 1.149474e+02 
   56  116 1.159414e+02 
   56  117 1.169385e+02 
   56  118 1.179330e+02 
   56  119 1.189307e+02 
   56  120 1.199260e+02 
   56  121 1.209240e+02 
   56  122 1.219199e+02 
   56  123 1.229188e+02 
   56  124 1.239151e+02 
   56  125 1.249145e+02 
   56  126 1.259112e+02 
   56  127 1.269111e+02 
   56  128 1.279083e+02 
   56  129 1.289087e+02 
   56  130 1.299063e+02 
   56  131 1.309069e+02 
   56  132 1.319051e+02 
   56  133 1.329060e+02 
   56  134 1.339045e+02 
   56  135 1.349057e+02 
   56  136 1.359046e+02 
   56  137 1.369058e+02 
   56  138 1.379052e+02 
   56  139 1.389088e+02 
   56  140 1.399106e+02 
   56  141 1.409144e+02 
   56  142 1.419165e+02 
   56  143 1.429206e+02 
   56  144 1.439230e+02 
   56  145 1.449276e+02 
   56  146 1.459302e+02 
   56  147 1.469349e+02 
   56  148 1.479377e+02 
   56  149 1.489426e+02 
   56  150 1.499457e+02 
   56  151 1.509508e+02 
   56  152 1.519543e+02 
   56  153 1.529596e+02 
   57  117 1.169501e+02 
   57  118 1.179467e+02 
   57  119 1.189410e+02 
   57  120 1.199381e+02 
   57  121 1.209330e+02 
   57  122 1.219307e+02 
   57  123 1.229262e+02 
   57  124 1.239246e+02 
   57  125 1.249208e+02 
   57  126 1.259195e+02 
   57  127 1.269164e+02 
   57  128 1.279156e+02 
   57  129 1.289127e+02 
   57  130 1.299124e+02 
   57  131 1.309101e+02 
   57  132 1.319101e+02 
   57  133 1.329082e+02 
   57  134 1.339085e+02 
   57  135 1.349070e+02 
   57  136 1.359076e+02 
   57  137 1.369065e+02 
   57  138 1.379071e+02 
   57  139 1.389064e+02 
   57  140 1.399095e+02 
   57  141 1.409110e+02 
   57  142 1.419141e+02 
   57  143 1.429161e+02 
   57  144 1.439196e+02 
   57  145 1.449216e+02 
   57  146 1.459258e+02 
   57  147 1.469282e+02 
   57  148 1.479322e+02 
   57  149 1.489347e+02 
   57  150 1.499388e+02 
   57  151 1.509417e+02 
   57  152 1.519462e+02 
   57  153 1.529496e+02 
   57  154 1.539545e+02 
   57  155 1.549583e+02 
   58  119 1.189528e+02 
   58  120 1.199466e+02 
   58  121 1.209434e+02 
   58  122 1.219379e+02 
   58  123 1.229354e+02 
   58  124 1.239304e+02 
   58  125 1.249284e+02 
   58  126 1.259240e+02 
   58  127 1.269227e+02 
   58  128 1.279189e+02 
   58  129 1.289181e+02 
   58  130 1.299147e+02 
   58  131 1.309144e+02 
   58  132 1.319115e+02 
   58  133 1.329115e+02 
   58  134 1.339089e+02 
   58  135 1.349092e+02 
   58  136 1.359072e+02 
   58  137 1.369078e+02 
   58  138 1.379060e+02 
   58  139 1.389067e+02 
   58  140 1.399054e+02 
   58  141 1.409083e+02 
   58  142 1.419092e+02 
   58  143 1.429124e+02 
   58  144 1.439136e+02 
   58  145 1.449172e+02 
   58  146 1.459188e+02 
   58  147 1.469227e+02 
   58  148 1.479244e+02 
   58  149 1.489284e+02 
   58  150 1.499304e+02 
   58  151 1.509340e+02 
   58  152 1.519365e+02 
   58  153 1.529406e+02 
   58  154 1.539434e+02 
   58  155 1.549480e+02 
   58  156 1.559513e+02 
   58  157 1.569563e+02 
   59  121 1.209554e+02 
   59  122 1.219518e+02 
   59  123 1.229460e+02 
   59  124 1.239430e+02 
   59  125 1.249378e+02 
   59  126 1.259353e+02 
   59  127 1.269308e+02 
   59  128 1.279288e+02 
   59  129 1.289251e+02 
   59  130 1.299236e+02 
   59  131 1.309203e+02 
   59  132 1.319193e+02 
   59  133 1.329163e+02 
   59  134 1.339157e+02 
   59  135 1.349131e+02 
   59  136 1.359127e+02 
   59  137 1.369107e+02 
   59  138 1.379108e+02 
   59  139 1.389089e+02 
   59  140 1.399091e+02 
   59  141 1.409077e+02 
   59  142 1.419100e+02 
   59  143 1.429108e+02 
   59  144 1.439133e+02 
   59  145 1.449145e+02 
   59  146 1.459176e+02 
   59  147 1.469190e+02 
   59  148 1.479221e+02 
   59  149 1.489237e+02 
   59  150 1.499267e+02 
   59  151 1.509283e+02 
   59  152 1.519315e+02 
   59  153 1.529338e+02 
   59  154 1.539375e+02 
   59  155 1.549401e+02 
   59  156 1.559443e+02 
   59  157 1.569474e+02 
   59  158 1.579520e+02 
   59  159 1.589555e+02 
   60  124 1.239522e+02 
   60  125 1.249489e+02 
   60  126 1.259432e+02 
   60  127 1.269405e+02 
   60  128 1.279354e+02 
   60  129 1.289332e+02 
   60  130 1.299285e+02 
   60  131 1.309272e+02 
   60  132 1.319233e+02 
   60  133 1.329223e+02 
   60  134 1.339188e+02 
   60  135 1.349182e+02 
   60  136 1.359150e+02 
   60  137 1.369146e+02 
   60  138 1.379119e+02 
   60  139 1.389120e+02 
   60  140 1.399095e+02 
   60  141 1.409096e+02 
   60  142 1.419077e+02 
   60  143 1.429098e+02 
   60  144 1.439101e+02 
   60  145 1.449126e+02 
   60  146 1.459131e+02 
   60  147 1.469161e+02 
   60  148 1.479169e+02 
   60  149 1.489201e+02 
   60  150 1.499209e+02 
   60  151 1.509238e+02 
   60  152 1.519247e+02 
   60  153 1.529277e+02 
   60  154 1.539295e+02 
   60  155 1.549329e+02 
   60  156 1.559350e+02 
   60  157 1.569390e+02 
   60  158 1.579416e+02 
   60  159 1.589461e+02 
   60  160 1.599491e+02 
   60  161 1.609539e+02 
   61  126 1.259575e+02 
   61  127 1.269516e+02 
   61  128 1.279484e+02 
   61  129 1.289432e+02 
   61  130 1.299404e+02 
   61  131 1.309359e+02 
   61  132 1.319338e+02 
   61  133 1.329298e+02 
   61  134 1.339283e+02 
   61  135 1.349249e+02 
   61  136 1.359236e+02 
   61  137 1.369205e+02 
   61  138 1.379195e+02 
   61  139 1.389168e+02 
   61  140 1.399160e+02 
   61  141 1.409136e+02 
   61  142 1.419129e+02 
   61  143 1.429109e+02 
   61  144 1.439126e+02 
   61  145 1.449127e+02 
   61  146 1.459147e+02 
   61  147 1.469151e+02 
   61  148 1.479175e+02 
   61  149 1.489183e+02 
   61  150 1.499210e+02 
   61  151 1.509212e+02 
   61  152 1.519235e+02 
   61  153 1.529241e+02 
   61  154 1.539265e+02 
   61  155 1.549281e+02 
   61  156 1.559311e+02 
   61  157 1.569330e+02 
   61  158 1.579366e+02 
   61  159 1.589390e+02 
   61  160 1.599430e+02 
   61  161 1.609459e+02 
   61  162 1.619503e+02 
   61  163 1.629537e+02 
   62  128 1.279581e+02 
   62  129 1.289546e+02 
   62  130 1.299489e+02 
   62  131 1.309461e+02 
   62  132 1.319407e+02 
   62  133 1.329387e+02 
   62  134 1.339340e+02 
   62  135 1.349325e+02 
   62  136 1.359283e+02 
   62  137 1.369270e+02 
   62  138 1.379232e+02 
   62  139 1.389223e+02 
   62  140 1.399190e+02 
   62  141 1.409185e+02 
   62  142 1.419152e+02 
   62  143 1.429146e+02 
   62  144 1.439120e+02 
   62  145 1.449134e+02 
   62  146 1.459130e+02 
   62  147 1.469149e+02 
   62  148 1.479148e+02 
   62  149 1.489172e+02 
   62  150 1.499173e+02 
   62  151 1.509199e+02 
   62  152 1.519197e+02 
   62  153 1.529221e+02 
   62  154 1.539222e+02 
   62  155 1.549246e+02 
   62  156 1.559255e+02 
   62  157 1.569284e+02 
   62  158 1.579300e+02 
   62  159 1.589332e+02 
   62  160 1.599351e+02 
   62  161 1.609388e+02 
   62  162 1.619412e+02 
   62  163 1.629454e+02 
   62  164 1.639483e+02 
   62  165 1.649530e+02 
   63  130 1.299636e+02 
   63  131 1.309578e+02 
   63  132 1.319544e+02 
   63  133 1.329492e+02 
   63  134 1.339465e+02 
   63  135 1.349418e+02 
   63  136 1.359396e+02 
   63  137 1.369356e+02 
   63  138 1.379337e+02 
   63  139 1.389298e+02 
   63  140 1.399281e+02 
   63  141 1.409249e+02 
   63  142 1.419234e+02 
   63  143 1.429203e+02 
   63  144 1.439188e+02 
   63  145 1.449163e+02 
   63  146 1.459172e+02 
   63  147 1.469167e+02 
   63  148 1.479181e+02 
   63  149 1.489179e+02 
   63  150 1.499197e+02 
   63  151 1.509199e+02 
   63  152 1.519217e+02 
   63  153 1.529212e+02 
   63  154 1.539230e+02 
   63  155 1.549229e+02 
   63  156 1.559248e+02 
   63  157 1.569254e+02 
   63  158 1.579279e+02 
   63  159 1.589291e+02 
   63  160 1.599320e+02 
   63  161 1.609337e+02 
   63  162 1.619370e+02 
   63  163 1.629392e+02 
   63  164 1.639430e+02 
   63  165 1.649457e+02 
   63  166 1.659500e+02 
   63  167 1.669532e+02 
   64  134 1.339554e+02 
   64  135 1.349526e+02 
   64  136 1.359473e+02 
   64  137 1.369450e+02 
   64  138 1.379401e+02 
   64  139 1.389382e+02 
   64  140 1.399337e+02 
   64  141 1.409321e+02 
   64  142 1.419281e+02 
   64  143 1.429267e+02 
   64  144 1.439230e+02 
   64  145 1.449217e+02 
   64  146 1.459183e+02 
   64  147 1.469191e+02 
   64  148 1.479181e+02 
   64  149 1.489193e+02 
   64  150 1.499187e+02 
   64  151 1.509203e+02 
   64  152 1.519198e+02 
   64  153 1.529217e+02 
   64  154 1.539209e+02 
   64  155 1.549226e+02 
   64  156 1.559221e+02 
   64  157 1.569240e+02 
   64  158 1.579241e+02 
   64  159 1.589264e+02 
   64  160 1.599271e+02 
   64  161 1.609297e+02 
   64  162 1.619310e+02 
   64  163 1.629340e+02 
   64  164 1.639359e+02 
   64  165 1.649394e+02 
   64  166 1.659416e+02 
   64  167 1.669456e+02 
   64  168 1.679484e+02 
   64  169 1.689529e+02 
   65  136 1.359614e+02 
   65  137 1.369560e+02 
   65  138 1.379532e+02 
   65  139 1.389483e+02 
   65  140 1.399458e+02 
   65  141 1.409415e+02 
   65  142 1.419387e+02 
   65  143 1.429351e+02 
   65  144 1.439331e+02 
   65  145 1.449293e+02 
   65  146 1.459272e+02 
   65  147 1.469240e+02 
   65  148 1.479243e+02 
   65  149 1.489232e+02 
   65  150 1.499237e+02 
   65  151 1.509231e+02 
   65  152 1.519241e+02 
   65  153 1.529234e+02 
   65  154 1.539247e+02 
   65  155 1.549235e+02 
   65  156 1.559247e+02 
   65  157 1.569240e+02 
   65  158 1.579254e+02 
   65  159 1.589253e+02 
   65  160 1.599272e+02 
   65  161 1.609276e+02 
   65  162 1.619295e+02 
   65  163 1.629306e+02 
   65  164 1.639333e+02 
   65  165 1.649349e+02 
   65  166 1.659380e+02 
   65  167 1.669401e+02 
   65  168 1.679436e+02 
   65  169 1.689462e+02 
   65  170 1.699503e+02 
   65  171 1.709533e+02 
   66  138 1.379625e+02 
   66  139 1.389595e+02 
   66  140 1.399540e+02 
   66  141 1.409513e+02 
   66  142 1.419464e+02 
   66  143 1.429438e+02 
   66  144 1.439392e+02 
   66  145 1.449374e+02 
   66  146 1.459328e+02 
   66  147 1.469311e+02 
   66  148 1.479272e+02 
   66  149 1.489273e+02 
   66  150 1.499256e+02 
   66  151 1.509262e+02 
   66  152 1.519247e+02 
   66  153 1.529258e+02 
   66  154 1.539244e+02 
   66  155 1.549258e+02 
   66  156 1.559243e+02 
   66  157 1.569255e+02 
   66  158 1.579244e+02 
   66  159 1.589257e+02 
   66  160 1.599252e+02 
   66  161 1.609269e+02 
   66  162 1.619268e+02 
   66  163 1.629287e+02 
   66  164 1.639292e+02 
   66  165 1.649317e+02 
   66  166 1.659328e+02 
   66  167 1.669357e+02 
   66  168 1.679371e+02 
   66  169 1.689403e+02 
   66  170 1.699424e+02 
   66  171 1.709462e+02 
   66  172 1.719488e+02 
   66  173 1.729530e+02 
   67  140 1.399685e+02 
   67  141 1.409631e+02 
   67  142 1.419598e+02 
   67  143 1.429546e+02 
   67  144 1.439515e+02 
   67  145 1.449472e+02 
   67  146 1.459446e+02 
   67  147 1.469401e+02 
   67  148 1.479377e+02 
   67  149 1.489338e+02 
   67  150 1.499335e+02 
   67  151 1.509317e+02 
   67  152 1.519317e+02 
   67  153 1.529302e+02 
   67  154 1.539306e+02 
   67  155 1.549291e+02 
   67  156 1.559298e+02 
   67  157 1.569283e+02 
   67  158 1.579289e+02 
   67  159 1.589277e+02 
   67  160 1.599287e+02 
   67  161 1.609279e+02 
   67  162 1.619291e+02 
   67  163 1.629287e+02 
   67  164 1.639302e+02 
   67  165 1.649303e+02 
   67  166 1.659323e+02 
   67  167 1.669331e+02 
   67  168 1.679355e+02 
   67  169 1.689369e+02 
   67  170 1.699396e+02 
   67  171 1.709415e+02 
   67  172 1.719448e+02 
   67  173 1.729473e+02 
   67  174 1.739512e+02 
   67  175 1.749540e+02 
   68  143 1.429663e+02 
   68  144 1.439604e+02 
   68  145 1.449574e+02 
   68  146 1.459520e+02 
   68  147 1.469495e+02 
   68  148 1.479445e+02 
   68  149 1.489423e+02 
   68  150 1.499379e+02 
   68  151 1.509374e+02 
   68  152 1.519350e+02 
   68  153 1.529351e+02 
   68  154 1.539328e+02 
   68  155 1.549332e+02 
   68  156 1.559311e+02 
   68  157 1.569319e+02 
   68  158 1.579299e+02 
   68  159 1.589307e+02 
   68  160 1.599291e+02 
   68  161 1.609300e+02 
   68  162 1.619288e+02 
   68  163 1.629300e+02 
   68  164 1.639292e+02 
   68  165 1.649307e+02 
   68  166 1.659303e+02 
   68  167 1.669320e+02 
   68  168 1.679324e+02 
   68  169 1.689346e+02 
   68  170 1.699355e+02 
   68  171 1.709380e+02 
   68  172 1.719394e+02 
   68  173 1.729424e+02 
   68  174 1.739442e+02 
   68  175 1.749478e+02 
   68  176 1.759501e+02 
   68  177 1.769540e+02 
   69  145 1.449701e+02 
   69  146 1.459664e+02 
   69  147 1.469610e+02 
   69  148 1.479578e+02 
   69  149 1.489527e+02 
   69  150 1.499500e+02 
   69  151 1.509455e+02 
   69  152 1.519444e+02 
   69  153 1.529420e+02 
   69  154 1.539416e+02 
   69  155 1.549392e+02 
   69  156 1.559390e+02 
   69  157 1.569370e+02 
   69  158 1.579370e+02 
   69  159 1.589350e+02 
   69  160 1.599353e+02 
   69  161 1.609335e+02 
   69  162 1.619340e+02 
   69  163 1.629327e+02 
   69  164 1.639336e+02 
   69  165 1.649324e+02 
   69  166 1.659336e+02 
   69  167 1.669329e+02 
   69  168 1.679342e+02 
   69  169 1.689342e+02 
   69  170 1.699358e+02 
   69  171 1.709364e+02 
   69  172 1.719384e+02 
   69  173 1.729396e+02 
   69  174 1.739422e+02 
   69  175 1.749438e+02 
   69  176 1.759470e+02 
   69  177 1.769490e+02 
   69  178 1.779526e+02 
   69  179 1.789553e+02 
   70  148 1.479674e+02 
   70  149 1.489640e+02 
   70  150 1.499584e+02 
   70  151 1.509554e+02 
   70  152 1.519503e+02 
   70  153 1.529495e+02 
   70  154 1.539464e+02 
   70  155 1.549458e+02 
   70  156 1.559428e+02 
   70  157 1.569426e+02 
   70  158 1.579399e+02 
   70  159 1.589401e+02 
   70  160 1.599376e+02 
   70  161 1.609379e+02 
   70  162 1.619358e+02 
   70  163 1.629363e+02 
   70  164 1.639345e+02 
   70  165 1.649353e+02 
   70  166 1.659339e+02 
   70  167 1.669349e+02 
   70  168 1.679339e+02 
   70  169 1.689352e+02 
   70  170 1.699348e+02 
   70  171 1.709363e+02 
   70  172 1.719364e+02 
   70  173 1.729382e+02 
   70  174 1.739389e+02 
   70  175 1.749413e+02 
   70  176 1.759426e+02 
   70  177 1.769453e+02 
   70  178 1.779466e+02 
   70  179 1.789502e+02 
   70  180 1.799523e+02 
   70  181 1.809562e+02 
   71  150 1.499732e+02 
   71  151 1.509676e+02 
   71  152 1.519641e+02 
   71  153 1.529588e+02 
   71  154 1.539575e+02 
   71  155 1.549543e+02 
   71  156 1.559530e+02 
   71  157 1.569501e+02 
   71  158 1.579493e+02 
   71  159 1.589466e+02 
   71  160 1.599460e+02 
   71  161 1.609436e+02 
   71  162 1.619433e+02 
   71  163 1.629412e+02 
   71  164 1.639413e+02 
   71  165 1.649394e+02 
   71  166 1.659399e+02 
   71  167 1.669383e+02 
   71  168 1.679387e+02 
   71  169 1.689377e+02 
   71  170 1.699385e+02 
   71  171 1.709379e+02 
   71  172 1.719391e+02 
   71  173 1.729389e+02 
   71  174 1.739403e+02 
   71  175 1.749408e+02 
   71  176 1.759427e+02 
   71  177 1.769438e+02 
   71  178 1.779460e+02 
   71  179 1.789473e+02 
   71  180 1.799499e+02 
   71  181 1.809520e+02 
   71  182 1.819550e+02 
   71  183 1.829576e+02 
   71  184 1.839609e+02 
   72  153 1.529707e+02 
   72  154 1.539649e+02 
   72  155 1.549634e+02 
   72  156 1.559594e+02 
   72  157 1.569584e+02 
   72  158 1.579548e+02 
   72  159 1.589540e+02 
   72  160 1.599507e+02 
   72  161 1.609503e+02 
   72  162 1.619472e+02 
   72  163 1.629471e+02 
   72  164 1.639444e+02 
   72  165 1.649446e+02 
   72  166 1.659422e+02 
   72  167 1.669426e+02 
   72  168 1.679406e+02 
   72  169 1.689413e+02 
   72  170 1.699396e+02 
   72  171 1.709405e+02 
   72  172 1.719394e+02 
   72  173 1.729405e+02 
   72  174 1.739400e+02 
   72  175 1.749415e+02 
   72  176 1.759414e+02 
   72  177 1.769432e+02 
   72  178 1.779437e+02 
   72  179 1.789458e+02 
   72  180 1.799466e+02 
   72  181 1.809491e+02 
   72  182 1.819506e+02 
   72  183 1.829535e+02 
   72  184 1.839555e+02 
   72  185 1.849588e+02 
   72  186 1.859609e+02 
   72  187 1.869646e+02 
   72  188 1.879668e+02 
   73  155 1.549746e+02 
   73  156 1.559723e+02 
   73  157 1.569682e+02 
   73  158 1.579667e+02 
   73  159 1.589630e+02 
   73  160 1.599615e+02 
   73  161 1.609584e+02 
   73  162 1.619573e+02 
   73  163 1.629543e+02 
   73  164 1.639535e+02 
   73  165 1.649508e+02 
   73  166 1.659505e+02 
   73  167 1.669481e+02 
   73  168 1.679480e+02 
   73  169 1.689460e+02 
   73  170 1.699462e+02 
   73  171 1.709445e+02 
   73  172 1.719449e+02 
   73  173 1.729437e+02 
   73  174 1.739444e+02 
   73  175 1.749437e+02 
   73  176 1.759449e+02 
   73  177 1.769445e+02 
   73  178 1.779458e+02 
   73  179 1.789459e+02 
   73  180 1.799475e+02 
   73  181 1.809480e+02 
   73  182 1.819502e+02 
   73  183 1.829514e+02 
   73  184 1.839540e+02 
   73  185 1.849556e+02 
   73  186 1.859586e+02 
   73  187 1.869605e+02 
   73  188 1.879637e+02 
   73  189 1.889658e+02 
   73  190 1.899692e+02 
   74  158 1.579746e+02 
   74  159 1.589729e+02 
   74  160 1.599685e+02 
   74  161 1.609674e+02 
   74  162 1.619635e+02 
   74  163 1.629625e+02 
   74  164 1.639590e+02 
   74  165 1.649583e+02 
   74  166 1.659550e+02 
   74  167 1.669548e+02 
   74  168 1.679518e+02 
   74  169 1.689518e+02 
   74  170 1.699492e+02 
   74  171 1.709495e+02 
   74  172 1.719473e+02 
   74  173 1.729477e+02 
   74  174 1.739461e+02 
   74  175 1.749467e+02 
   74  176 1.759456e+02 
   74  177 1.769466e+02 
   74  178 1.779459e+02 
   74  179 1.789471e+02 
   74  180 1.799467e+02 
   74  181 1.809482e+02 
   74  182 1.819482e+02 
   74  183 1.829502e+02 
   74  184 1.839509e+02 
   74  185 1.849534e+02 
   74  186 1.859544e+02 
   74  187 1.869572e+02 
   74  188 1.879585e+02 
   74  189 1.889619e+02 
   74  190 1.899632e+02 
   74  191 1.909666e+02 
   74  192 1.919682e+02 
   75  160 1.599821e+02 
   75  161 1.609776e+02 
   75  162 1.619760e+02 
   75  163 1.629721e+02 
   75  164 1.639703e+02 
   75  165 1.649671e+02 
   75  166 1.659658e+02 
   75  167 1.669626e+02 
   75  168 1.679616e+02 
   75  169 1.689588e+02 
   75  170 1.699582e+02 
   75  171 1.709557e+02 
   75  172 1.719554e+02 
   75  173 1.729532e+02 
   75  174 1.739531e+02 
   75  175 1.749514e+02 
   75  176 1.759516e+02 
   75  177 1.769503e+02 
   75  178 1.779510e+02 
   75  179 1.789500e+02 
   75  180 1.799508e+02 
   75  181 1.809501e+02 
   75  182 1.819512e+02 
   75  183 1.829508e+02 
   75  184 1.839525e+02 
   75  185 1.849530e+02 
   75  186 1.859550e+02 
   75  187 1.869558e+02 
   75  188 1.879581e+02 
   75  189 1.889592e+02 
   75  190 1.899618e+02 
   75  191 1.909631e+02 
   75  192 1.919660e+02 
   75  193 1.929675e+02 
   75  194 1.939704e+02 
   76  162 1.619844e+02 
   76  163 1.629827e+02 
   76  164 1.639780e+02 
   76  165 1.649768e+02 
   76  166 1.659727e+02 
   76  167 1.669716e+02 
   76  168 1.679678e+02 
   76  169 1.689670e+02 
   76  170 1.699636e+02 
   76  171 1.709632e+02 
   76  172 1.719600e+02 
   76  173 1.729598e+02 
   76  174 1.739571e+02 
   76  175 1.749569e+02 
   76  176 1.759548e+02 
   76  177 1.769550e+02 
   76  178 1.779533e+02 
   76  179 1.789538e+02 
   76  180 1.799524e+02 
   76  181 1.809532e+02 
   76  182 1.819521e+02 
   76  183 1.829531e+02 
   76  184 1.839525e+02 
   76  185 1.849540e+02 
   76  186 1.859538e+02 
   76  187 1.869558e+02 
   76  188 1.879558e+02 
   76  189 1.889581e+02 
   76  190 1.899584e+02 
   76  191 1.909609e+02 
   76  192 1.919615e+02 
   76  193 1.929642e+02 
   76  194 1.939652e+02 
   76  195 1.949681e+02 
   76  196 1.959696e+02 
   77  164 1.639922e+02 
   77  165 1.649875e+02 
   77  166 1.659858e+02 
   77  167 1.669817e+02 
   77  168 1.679799e+02 
   77  169 1.689763e+02 
   77  170 1.699750e+02 
   77  171 1.709716e+02 
   77  172 1.719705e+02 
   77  173 1.729675e+02 
   77  174 1.739669e+02 
   77  175 1.749641e+02 
   77  176 1.759636e+02 
   77  177 1.769613e+02 
   77  178 1.779611e+02 
   77  179 1.789591e+02 
   77  180 1.799592e+02 
   77  181 1.809576e+02 
   77  182 1.819581e+02 
   77  183 1.829568e+02 
   77  184 1.839575e+02 
   77  185 1.849567e+02 
   77  186 1.859579e+02 
   77  187 1.869574e+02 
   77  188 1.879589e+02 
   77  189 1.889587e+02 
   77  190 1.899605e+02 
   77  191 1.909606e+02 
   77  192 1.919626e+02 
   77  193 1.929629e+02 
   77  194 1.939651e+02 
   77  195 1.949660e+02 
   77  196 1.959684e+02 
   77  197 1.969697e+02 
   77  198 1.979723e+02 
   77  199 1.989738e+02 
   78  166 1.659949e+02 
   78  167 1.669930e+02 
   78  168 1.679881e+02 
   78  169 1.689867e+02 
   78  170 1.699825e+02 
   78  171 1.709812e+02 
   78  172 1.719773e+02 
   78  173 1.729764e+02 
   78  174 1.739728e+02 
   78  175 1.749724e+02 
   78  176 1.759689e+02 
   78  177 1.769685e+02 
   78  178 1.779656e+02 
   78  179 1.789654e+02 
   78  180 1.799630e+02 
   78  181 1.809631e+02 
   78  182 1.819612e+02 
   78  183 1.829616e+02 
   78  184 1.839599e+02 
   78  185 1.849606e+02 
   78  186 1.859594e+02 
   78  187 1.869606e+02 
   78  188 1.879594e+02 
   78  189 1.889608e+02 
   78  190 1.899599e+02 
   78  191 1.909617e+02 
   78  192 1.919610e+02 
   78  193 1.929630e+02 
   78  194 1.939627e+02 
   78  195 1.949648e+02 
   78  196 1.959650e+02 
   78  197 1.969673e+02 
   78  198 1.979679e+02 
   78  199 1.989706e+02 
   78  200 1.999714e+02 
   78  201 2.009745e+02 
   78  202 2.019757e+02 
   79  169 1.689981e+02 
   79  170 1.699961e+02 
   79  171 1.709919e+02 
   79  172 1.719900e+02 
   79  173 1.729862e+02 
   79  174 1.739848e+02 
   79  175 1.749813e+02 
   79  176 1.759801e+02 
   79  177 1.769769e+02 
   79  178 1.779760e+02 
   79  179 1.789732e+02 
   79  180 1.799725e+02 
   79  181 1.809701e+02 
   79  182 1.819696e+02 
   79  183 1.829676e+02 
   79  184 1.839675e+02 
   79  185 1.849658e+02 
   79  186 1.859660e+02 
   79  187 1.869646e+02 
   79  188 1.879653e+02 
   79  189 1.889639e+02 
   79  190 1.899647e+02 
   79  191 1.909637e+02 
   79  192 1.919648e+02 
   79  193 1.929641e+02 
   79  194 1.939654e+02 
   79  195 1.949650e+02 
   79  196 1.959666e+02 
   79  197 1.969666e+02 
   79  198 1.979682e+02 
   79  199 1.989688e+02 
   79  200 1.999707e+02 
   79  201 2.009717e+02 
   79  202 2.019738e+02 
   79  203 2.029752e+02 
   79  204 2.039777e+02 
   79  205 2.049799e+02 
   80  171 1.710038e+02 
   80  172 1.719988e+02 
   80  173 1.729972e+02 
   80  174 1.739929e+02 
   80  175 1.749914e+02 
   80  176 1.759874e+02 
   80  177 1.769863e+02 
   80  178 1.779825e+02 
   80  179 1.789818e+02 
   80  180 1.799783e+02 
   80  181 1.809778e+02 
   80  182 1.819747e+02 
   80  183 1.829744e+02 
   80  184 1.839717e+02 
   80  185 1.849719e+02 
   80  186 1.859694e+02 
   80  187 1.869698e+02 
   80  188 1.879676e+02 
   80  189 1.889682e+02 
   80  190 1.899663e+02 
   80  191 1.909672e+02 
   80  192 1.919656e+02 
   80  193 1.929667e+02 
   80  194 1.939654e+02 
   80  195 1.949667e+02 
   80  196 1.959658e+02 
   80  197 1.969672e+02 
   80  198 1.979668e+02 
   80  199 1.989683e+02 
   80  200 1.999683e+02 
   80  201 2.009703e+02 
   80  202 2.019706e+02 
   80  203 2.029729e+02 
   80  204 2.039735e+02 
   80  205 2.049761e+02 
   80  206 2.059775e+02 
   80  207 2.069826e+02 
   80  208 2.079859e+02 
   80  209 2.089910e+02 
   80  210 2.099945e+02 
   81  176 1.760006e+02 
   81  177 1.769964e+02 
   81  178 1.779949e+02 
   81  179 1.789911e+02 
   81  180 1.799899e+02 
   81  181 1.809863e+02 
   81  182 1.819857e+02 
   81  183 1.829822e+02 
   81  184 1.839819e+02 
   81  185 1.849788e+02 
   81  186 1.859783e+02 
   81  187 1.869759e+02 
   81  188 1.879760e+02 
   81  189 1.889736e+02 
   81  190 1.899739e+02 
   81  191 1.909718e+02 
   81  192 1.919722e+02 
   81  193 1.929707e+02 
   81  194 1.939712e+02 
   81  195 1.949698e+02 
   81  196 1.959705e+02 
   81  197 1.969696e+02 
   81  198 1.979705e+02 
   81  199 1.989699e+02 
   81  200 1.999710e+02 
   81  201 2.009708e+02 
   81  202 2.019721e+02 
   81  203 2.029723e+02 
   81  204 2.039739e+02 
   81  205 2.049744e+02 
   81  206 2.059761e+02 
   81  207 2.069774e+02 
   81  208 2.079820e+02 
   81  209 2.089854e+02 
   81  210 2.099901e+02 
   81  211 2.109935e+02 
   81  212 2.119982e+02 
   82  178 1.780038e+02 
   82  179 1.790022e+02 
   82  180 1.799979e+02 
   82  181 1.809966e+02 
   82  182 1.819927e+02 
   82  183 1.829919e+02 
   82  184 1.839881e+02 
   82  185 1.849876e+02 
   82  186 1.859842e+02 
   82  187 1.869839e+02 
   82  188 1.879809e+02 
   82  189 1.889808e+02 
   82  190 1.899781e+02 
   82  191 1.909783e+02 
   82  192 1.919758e+02 
   82  193 1.929762e+02 
   82  194 1.939740e+02 
   82  195 1.949745e+02 
   82  196 1.959728e+02 
   82  197 1.969734e+02 
   82  198 1.979720e+02 
   82  199 1.989729e+02 
   82  200 1.999718e+02 
   82  201 2.009729e+02 
   82  202 2.019722e+02 
   82  203 2.029734e+02 
   82  204 2.039730e+02 
   82  205 2.049745e+02 
   82  206 2.059745e+02 
   82  207 2.069759e+02 
   82  208 2.079767e+02 
   82  209 2.089811e+02 
   82  210 2.099842e+02 
   82  211 2.109887e+02 
   82  212 2.119919e+02 
   82  213 2.129966e+02 
   82  214 2.139998e+02 
   82  215 2.150048e+02 
   83  184 1.840011e+02 
   83  185 1.849976e+02 
   83  186 1.859966e+02 
   83  187 1.869932e+02 
   83  188 1.879923e+02 
   83  189 1.889892e+02 
   83  190 1.899883e+02 
   83  191 1.909858e+02 
   83  192 1.919855e+02 
   83  193 1.929830e+02 
   83  194 1.939828e+02 
   83  195 1.949807e+02 
   83  196 1.959807e+02 
   83  197 1.969789e+02 
   83  198 1.979792e+02 
   83  199 1.989777e+02 
   83  200 1.999781e+02 
   83  201 2.009770e+02 
   83  202 2.019777e+02 
   83  203 2.029769e+02 
   83  204 2.039778e+02 
   83  205 2.049774e+02 
   83  206 2.059785e+02 
   83  207 2.069785e+02 
   83  208 2.079797e+02 
   83  209 2.089804e+02 
   83  210 2.099841e+02 
   83  211 2.109873e+02 
   83  212 2.119913e+02 
   83  213 2.129944e+02 
   83  214 2.139987e+02 
   83  215 2.150018e+02 
   83  216 2.160063e+02 
   83  217 2.170095e+02 
   83  218 2.180143e+02 
   84  188 1.879994e+02 
   84  189 1.889985e+02 
   84  190 1.899951e+02 
   84  191 1.909946e+02 
   84  192 1.919913e+02 
   84  193 1.929910e+02 
   84  194 1.939882e+02 
   84  195 1.949881e+02 
   84  196 1.959855e+02 
   84  197 1.969857e+02 
   84  198 1.979834e+02 
   84  199 1.989837e+02 
   84  200 1.999818e+02 
   84  201 2.009823e+02 
   84  202 2.019808e+02 
   84  203 2.029814e+02 
   84  204 2.039803e+02 
   84  205 2.049812e+02 
   84  206 2.059805e+02 
   84  207 2.069816e+02 
   84  208 2.079812e+02 
   84  209 2.089824e+02 
   84  210 2.099829e+02 
   84  211 2.109867e+02 
   84  212 2.119889e+02 
   84  213 2.129929e+02 
   84  214 2.139952e+02 
   84  215 2.149994e+02 
   84  216 2.160019e+02 
   84  217 2.170063e+02 
   84  218 2.180090e+02 
   84  219 2.190137e+02 
   84  220 2.200166e+02 
   85  193 1.929998e+02 
   85  194 1.939987e+02 
   85  195 1.949963e+02 
   85  196 1.959958e+02 
   85  197 1.969932e+02 
   85  198 1.979928e+02 
   85  199 1.989905e+02 
   85  200 1.999904e+02 
   85  201 2.009884e+02 
   85  202 2.019886e+02 
   85  203 2.029869e+02 
   85  204 2.039873e+02 
   85  205 2.049861e+02 
   85  206 2.059867e+02 
   85  207 2.069858e+02 
   85  208 2.079866e+02 
   85  209 2.089862e+02 
   85  210 2.099871e+02 
   85  211 2.109875e+02 
   85  212 2.119907e+02 
   85  213 2.129929e+02 
   85  214 2.139964e+02 
   85  215 2.149987e+02 
   85  216 2.160024e+02 
   85  217 2.170047e+02 
   85  218 2.180087e+02 
   85  219 2.190112e+02 
   85  220 2.200154e+02 
   85  221 2.210180e+02 
   85  222 2.220223e+02 
   85  223 2.230252e+02 
   86  195 1.950054e+02 
   86  196 1.960021e+02 
   86  197 1.970016e+02 
   86  198 1.979987e+02 
   86  199 1.989984e+02 
   86  200 1.999957e+02 
   86  201 2.009956e+02 
   86  202 2.019933e+02 
   86  203 2.029934e+02 
   86  204 2.039914e+02 
   86  205 2.049917e+02 
   86  206 2.059902e+02 
   86  207 2.069907e+02 
   86  208 2.079896e+02 
   86  209 2.089904e+02 
   86  210 2.099897e+02 
   86  211 2.109906e+02 
   86  212 2.119907e+02 
   86  213 2.129939e+02 
   86  214 2.139954e+02 
   86  215 2.149987e+02 
   86  216 2.160003e+02 
   86  217 2.170039e+02 
   86  218 2.180056e+02 
   86  219 2.190095e+02 
   86  220 2.200114e+02 
   86  221 2.210155e+02 
   86  222 2.220176e+02 
   86  223 2.230218e+02 
   86  224 2.240241e+02 
   86  225 2.250284e+02 
   86  226 2.260309e+02 
   86  227 2.270354e+02 
   86  228 2.280380e+02 
   87  199 1.990073e+02 
   87  200 2.000066e+02 
   87  201 2.010039e+02 
   87  202 2.020034e+02 
   87  203 2.030009e+02 
   87  204 2.040007e+02 
   87  205 2.049986e+02 
   87  206 2.059987e+02 
   87  207 2.069969e+02 
   87  208 2.079971e+02 
   87  209 2.089960e+02 
   87  210 2.099964e+02 
   87  211 2.109955e+02 
   87  212 2.119962e+02 
   87  213 2.129962e+02 
   87  214 2.139990e+02 
   87  215 2.150003e+02 
   87  216 2.160032e+02 
   87  217 2.170046e+02 
   87  218 2.180076e+02 
   87  219 2.190093e+02 
   87  220 2.200123e+02 
   87  221 2.210143e+02 
   87  222 2.220176e+02 
   87  223 2.230197e+02 
   87  224 2.240232e+02 
   87  225 2.250256e+02 
   87  226 2.260294e+02 
   87  227 2.270318e+02 
   87  228 2.280357e+02 
   87  229 2.290385e+02 
   87  230 2.300425e+02 
   87  231 2.310454e+02 
   87  232 2.320498e+02 
   88  202 2.020099e+02 
   88  203 2.030093e+02 
   88  204 2.040065e+02 
   88  205 2.050063e+02 
   88  206 2.060038e+02 
   88  207 2.070038e+02 
   88  208 2.080018e+02 
   88  209 2.090020e+02 
   88  210 2.100005e+02 
   88  211 2.110009e+02 
   88  212 2.119998e+02 
   88  213 2.130004e+02 
   88  214 2.140001e+02 
   88  215 2.150027e+02 
   88  216 2.160035e+02 
   88  217 2.170063e+02 
   88  218 2.180071e+02 
   88  219 2.190101e+02 
   88  220 2.200110e+02 
   88  221 2.210139e+02 
   88  222 2.220154e+02 
   88  223 2.230185e+02 
   88  224 2.240202e+02 
   88  225 2.250236e+02 
   88  226 2.260254e+02 
   88  227 2.270292e+02 
   88  228 2.280311e+02 
   88  229 2.290350e+02 
   88  230 2.300371e+02 
   88  231 2.310412e+02 
   88  232 2.320436e+02 
   88  233 2.330481e+02 
   88  234 2.340507e+02 
   89  206 2.060145e+02 
   89  207 2.070120e+02 
   89  208 2.080115e+02 
   89  209 2.090095e+02 
   89  210 2.100094e+02 
   89  211 2.110077e+02 
   89  212 2.120078e+02 
   89  213 2.130066e+02 
   89  214 2.140069e+02 
   89  215 2.150065e+02 
   89  216 2.160087e+02 
   89  217 2.170093e+02 
   89  218 2.180116e+02 
   89  219 2.190124e+02 
   89  220 2.200148e+02 
   89  221 2.210156e+02 
   89  222 2.220178e+02 
   89  223 2.230191e+02 
   89  224 2.240217e+02 
   89  225 2.250232e+02 
   89  226 2.260261e+02 
   89  227 2.270278e+02 
   89  228 2.280310e+02 
   89  229 2.290330e+02 
   89  230 2.300363e+02 
   89  231 2.310386e+02 
   89  232 2.320420e+02 
   89  233 2.330445e+02 
   89  234 2.340484e+02 
   89  235 2.350512e+02 
   89  236 2.360553e+02 
   90  209 2.090177e+02 
   90  210 2.100151e+02 
   90  211 2.110149e+02 
   90  212 2.120130e+02 
   90  213 2.130130e+02 
   90  214 2.140115e+02 
   90  215 2.150117e+02 
   90  216 2.160111e+02 
   90  217 2.170131e+02 
   90  218 2.180133e+02 
   90  219 2.190155e+02 
   90  220 2.200157e+02 
   90  221 2.210182e+02 
   90  222 2.220185e+02 
   90  223 2.230208e+02 
   90  224 2.240215e+02 
   90  225 2.250240e+02 
   90  226 2.260249e+02 
   90  227 2.270277e+02 
   90  228 2.280287e+02 
   90  229 2.290318e+02 
   90  230 2.300331e+02 
   90  231 2.310363e+02 
   90  232 2.320381e+02 
   90  233 2.330416e+02 
   90  234 2.340436e+02 
   90  235 2.350475e+02 
   90  236 2.360499e+02 
   90  237 2.370539e+02 
   90  238 2.380565e+02 
   91  212 2.120232e+02 
   91  213 2.130211e+02 
   91  214 2.140209e+02 
   91  215 2.150192e+02 
   91  216 2.160191e+02 
   91  217 2.170183e+02 
   91  218 2.180200e+02 
   91  219 2.190199e+02 
   91  220 2.200219e+02 
   91  221 2.210219e+02 
   91  222 2.220237e+02 
   91  223 2.230240e+02 
   91  224 2.240256e+02 
   91  225 2.250261e+02 
   91  226 2.260279e+02 
   91  227 2.270288e+02 
   91  228 2.280311e+02 
   91  229 2.290321e+02 
   91  230 2.300345e+02 
   91  231 2.310359e+02 
   91  232 2.320386e+02 
   91  233 2.330402e+02 
   91  234 2.340433e+02 
   91  235 2.350454e+02 
   91  236 2.360487e+02 
   91  237 2.370512e+02 
   91  238 2.380545e+02 
   91  239 2.390573e+02 
   91  240 2.400610e+02 
   92  217 2.170244e+02 
   92  218 2.180235e+02 
   92  219 2.190249e+02 
   92  220 2.200247e+02 
   92  221 2.210264e+02 
   92  222 2.220261e+02 
   92  223 2.230277e+02 
   92  224 2.240276e+02 
   92  225 2.250294e+02 
   92  226 2.260293e+02 
   92  227 2.270312e+02 
   92  228 2.280314e+02 
   92  229 2.290335e+02 
   92  230 2.300339e+02 
   92  231 2.310363e+02 
   92  232 2.320372e+02 
   92  233 2.330396e+02 
   92  234 2.340410e+02 
   92  235 2.350439e+02 
   92  236 2.360456e+02 
   92  237 2.370487e+02 
   92  238 2.380508e+02 
   92  239 2.390543e+02 
   92  240 2.400566e+02 
   92  241 2.410603e+02 
   92  242 2.420629e+02 
   93  225 2.250339e+02 
   93  226 2.260351e+02 
   93  227 2.270350e+02 
   93  228 2.280362e+02 
   93  229 2.290363e+02 
   93  230 2.300378e+02 
   93  231 2.310383e+02 
   93  232 2.320401e+02 
   93  233 2.330407e+02 
   93  234 2.340429e+02 
   93  235 2.350441e+02 
   93  236 2.360466e+02 
   93  237 2.370482e+02 
   93  238 2.380509e+02 
   93  239 2.390529e+02 
   93  240 2.400562e+02 
   93  241 2.410582e+02 
   93  242 2.420616e+02 
   93  243 2.430643e+02 
   93  244 2.440678e+02 
   94  228 2.280387e+02 
   94  229 2.290402e+02 
   94  230 2.300396e+02 
   94  231 2.310411e+02 
   94  232 2.320412e+02 
   94  233 2.330430e+02 
   94  234 2.340433e+02 
   94  235 2.350453e+02 
   94  236 2.360461e+02 
   94  237 2.370484e+02 
   94  238 2.380496e+02 
   94  239 2.390522e+02 
   94  240 2.400538e+02 
   94  241 2.410569e+02 
   94  242 2.420587e+02 
   94  243 2.430620e+02 
   94  244 2.440642e+02 
   94  245 2.450677e+02 
   94  246 2.460702e+02 
   94  247 2.470741e+02 
   95  231 2.310456e+02 
   95  232 2.320466e+02 
   95  233 2.330463e+02 
   95  234 2.340478e+02 
   95  235 2.350479e+02 
   95  236 2.360496e+02 
   95  237 2.370500e+02 
   95  238 2.380520e+02 
   95  239 2.390530e+02 
   95  240 2.400553e+02 
   95  241 2.410568e+02 
   95  242 2.420595e+02 
   95  243 2.430614e+02 
   95  244 2.440643e+02 
   95  245 2.450665e+02 
   95  246 2.460698e+02 
   95  247 2.470721e+02 
   95  248 2.480757e+02 
   95  249 2.490785e+02 
   96  233 2.330508e+02 
   96  234 2.340502e+02 
   96  235 2.350514e+02 
   96  236 2.360514e+02 
   96  237 2.370529e+02 
   96  238 2.380530e+02 
   96  239 2.390550e+02 
   96  240 2.400555e+02 
   96  241 2.410577e+02 
   96  242 2.420588e+02 
   96  243 2.430614e+02 
   96  244 2.440628e+02 
   96  245 2.450655e+02 
   96  246 2.460672e+02 
   96  247 2.470704e+02 
   96  248 2.480723e+02 
   96  249 2.490760e+02 
   96  250 2.500784e+02 
   96  251 2.510823e+02 
   96  252 2.520849e+02 
   97  235 2.350566e+02 
   97  236 2.360573e+02 
   97  237 2.370570e+02 
   97  238 2.380583e+02 
   97  239 2.390583e+02 
   97  240 2.400598e+02 
   97  241 2.410602e+02 
   97  242 2.420620e+02 
   97  243 2.430630e+02 
   97  244 2.440652e+02 
   97  245 2.450664e+02 
   97  246 2.460687e+02 
   97  247 2.470703e+02 
   97  248 2.480731e+02 
   97  249 2.490750e+02 
   97  250 2.500783e+02 
   97  251 2.510808e+02 
   97  252 2.520843e+02 
   97  253 2.530869e+02 
   97  254 2.540906e+02 
   98  237 2.370621e+02 
   98  238 2.380614e+02 
   98  239 2.390624e+02 
   98  240 2.400623e+02 
   98  241 2.410637e+02 
   98  242 2.420637e+02 
   98  243 2.430654e+02 
   98  244 2.440660e+02 
   98  245 2.450680e+02 
   98  246 2.460688e+02 
   98  247 2.470710e+02 
   98  248 2.480722e+02 
   98  249 2.490749e+02 
   98  250 2.500764e+02 
   98  251 2.510796e+02 
   98  252 2.520816e+02 
   98  253 2.530851e+02 
   98  254 2.540873e+02 
   98  255 2.550910e+02 
   98  256 2.560934e+02 
   99  240 2.400689e+02 
   99  241 2.410685e+02 
   99  242 2.420697e+02 
   99  243 2.430695e+02 
   99  244 2.440709e+02 
   99  245 2.450713e+02 
   99  246 2.460729e+02 
   99  247 2.470737e+02 
   99  248 2.480755e+02 
   99  249 2.490764e+02 
   99  250 2.500786e+02 
   99  251 2.510800e+02 
   99  252 2.520830e+02 
   99  253 2.530848e+02 
   99  254 2.540880e+02 
   99  255 2.550903e+02 
   99  256 2.560936e+02 
   99  257 2.570960e+02 
   99  258 2.580995e+02 
  100  242 2.420734e+02 
  100  243 2.430744e+02 
  100  244 2.440741e+02 
  100  245 2.450754e+02 
  100  246 2.460753e+02 
  100  247 2.470769e+02 
  100  248 2.480772e+02 
  100  249 2.490790e+02 
  100  250 2.500795e+02 
  100  251 2.510816e+02 
  100  252 2.520825e+02 
  100  253 2.530852e+02 
  100  254 2.540869e+02 
  100  255 2.550900e+02 
  100  256 2.560918e+02 
  100  257 2.570951e+02 
  100  258 2.580971e+02 
  100  259 2.591006e+02 
  100  260 2.601027e+02 
  101  245 2.450808e+02 
  101  246 2.460819e+02 
  101  247 2.470816e+02 
  101  248 2.480828e+02 
  101  249 2.490830e+02 
  101  250 2.500844e+02 
  101  251 2.510848e+02 
  101  252 2.520866e+02 
  101  253 2.530873e+02 
  101  254 2.540897e+02 
  101  255 2.550911e+02 
  101  256 2.560941e+02 
  101  257 2.570955e+02 
  101  258 2.580984e+02 
  101  259 2.591005e+02 
  101  260 2.601037e+02 
  101  261 2.611057e+02 
  101  262 2.621089e+02 
  102  248 2.480866e+02 
  102  249 2.490878e+02 
  102  250 2.500875e+02 
  102  251 2.510890e+02 
  102  252 2.520890e+02 
  102  253 2.530907e+02 
  102  254 2.540910e+02 
  102  255 2.550932e+02 
  102  256 2.560943e+02 
  102  257 2.570969e+02 
  102  258 2.580982e+02 
  102  259 2.591010e+02 
  102  260 2.601026e+02 
  102  261 2.611058e+02 
  102  262 2.621073e+02 
  102  263 2.631105e+02 
  102  264 2.641123e+02 
  103  251 2.510944e+02 
  103  252 2.520954e+02 
  103  253 2.530952e+02 
  103  254 2.540965e+02 
  103  255 2.550967e+02 
  103  256 2.560986e+02 
  103  257 2.570996e+02 
  103  258 2.581018e+02 
  103  259 2.591029e+02 
  103  260 2.601055e+02 
  103  261 2.611069e+02 
  103  262 2.621096e+02 
  103  263 2.631113e+02 
  103  264 2.641140e+02 
  103  265 2.651158e+02 
  103  266 2.661193e+02 
  104  253 2.531007e+02 
  104  254 2.541002e+02 
  104  255 2.551013e+02 
  104  256 2.561012e+02 
  104  257 2.571030e+02 
  104  258 2.581035e+02 
  104  259 2.591056e+02 
  104  260 2.601064e+02 
  104  261 2.611088e+02 
  104  262 2.621099e+02 
  104  263 2.631125e+02 
  104  264 2.641140e+02 
  104  265 2.651167e+02 
  104  266 2.661180e+02 
  104  267 2.671215e+02 
  104  268 2.681236e+02 
  105  255 2.551074e+02 
  105  256 2.561081e+02 
  105  257 2.571077e+02 
  105  258 2.581092e+02 
  105  259 2.591096e+02 
  105  260 2.601113e+02 
  105  261 2.611121e+02 
  105  262 2.621141e+02 
  105  263 2.631150e+02 
  105  264 2.641174e+02 
  105  265 2.651186e+02 
  105  266 2.661210e+02 
  105  267 2.671224e+02 
  105  268 2.681255e+02 
  105  269 2.691275e+02 
  105  270 2.701307e+02 
  106  258 2.581132e+02 
  106  259 2.591145e+02 
  106  260 2.601144e+02 
  106  261 2.611161e+02 
  106  262 2.621164e+02 
  106  263 2.631183e+02 
  106  264 2.641189e+02 
  106  265 2.651211e+02 
  106  266 2.661221e+02 
  106  267 2.671244e+02 
  106  268 2.681256e+02 
  106  269 2.691288e+02 
  106  270 2.701303e+02 
  106  271 2.711335e+02 
  106  272 2.721352e+02 
  106  273 2.731382e+02 
  107  260 2.601220e+02 
  107  261 2.611217e+02 
  107  262 2.621229e+02 
  107  263 2.631230e+02 
  107  264 2.641246e+02 
  107  265 2.651252e+02 
  107  266 2.661269e+02 
  107  267 2.671277e+02 
  107  268 2.681298e+02 
  107  269 2.691307e+02 
  107  270 2.701336e+02 
  107  271 2.711352e+02 
  107  272 2.721380e+02 
  107  273 2.731396e+02 
  107  274 2.741424e+02 
  107  275 2.751442e+02 
  108  263 2.631286e+02 
  108  264 2.641284e+02 
  108  265 2.651301e+02 
  108  266 2.661301e+02 
  108  267 2.671318e+02 
  108  268 2.681322e+02 
  108  269 2.691341e+02 
  108  270 2.701347e+02 
  108  271 2.711377e+02 
  108  272 2.721390e+02 
  108  273 2.731420e+02 
  108  274 2.741431e+02 
  108  275 2.751460e+02 
  108  276 2.761472e+02 
  108  277 2.771498e+02 
  109  265 2.651361e+02 
  109  266 2.661373e+02 
  109  267 2.671373e+02 
  109  268 2.681387e+02 
  109  269 2.691391e+02 
  109  270 2.701407e+02 
  109  271 2.711411e+02 
  109  272 2.721437e+02 
  109  273 2.731449e+02 
  109  274 2.741475e+02 
  109  275 2.751486e+02 
  109  276 2.761512e+02 
  109  277 2.771524e+02 
  109  278 2.781548e+02 
  109  279 2.791562e+02 
  110  267 2.671443e+02 
  110  268 2.681438e+02 
  110  269 2.691451e+02 
  110  270 2.701447e+02 
  110  271 2.711461e+02 
  110  272 2.721463e+02 
  110  273 2.731489e+02 
  110  274 2.741495e+02 
  110  275 2.751522e+02 
  110  276 2.761530e+02 
  110  277 2.771556e+02 
  110  278 2.781565e+02 
  110  279 2.791589e+02 
  110  280 2.801598e+02 
  110  281 2.811621e+02 
  111  272 2.721536e+02 
  111  273 2.731537e+02 
  111  274 2.741557e+02 
  111  275 2.751561e+02 
  111  276 2.761585e+02 
  111  277 2.771595e+02 
  111  278 2.781616e+02 
  111  279 2.791625e+02 
  111  280 2.801645e+02 
  111  281 2.811654e+02 
  111  282 2.821675e+02 
  111  283 2.831684e+02 
  112  277 2.771639e+02 
  112  278 2.781643e+02 
  112  279 2.791665e+02 
  112  280 2.801670e+02 
  112  281 2.811693e+02 
  112  282 2.821698e+02 
  112  283 2.831718e+02 
  112  284 2.841724e+02 
  112  285 2.851741e+02 
  113  283 2.831764e+02 
  113  284 2.841781e+02 
  113  285 2.851787e+02 
  113  286 2.861805e+02 
  113  287 2.871811e+02 
  114  285 2.851837e+02 
  114  286 2.861839e+02 
  114  287 2.871856e+02 
  114  288 2.881857e+02 
  114  289 2.891873e+02 
  115  287 2.871912e+02 
  115  288 2.881925e+02 
  115  289 2.891927e+02 
  115  290 2.901941e+02 
  115  291 2.911944e+02 

